2.713626598566478698e+00 1.422645246106522821e-01 1.066233824431406241e+01 9.446968595643548405e-03 2.330335738719463023e+01 1.939181323272399365e-02 3.302024890388256040e+01 3.946875954818703652e-02 4.142896224409690120e+01 8.039584463839227757e-02 4.594345388172219202e+01 2.435682157985453733e-01 1.253618282074751011e-01 0.000000000000000000e+00
3.863019118381814554e+00 1.430446908389375327e-01 1.075088891798228907e+01 9.498300483797440796e-03 1.632597044449299872e+01 1.229142279916880381e-02 2.007412128588146771e+01 2.177932847287184642e-02 2.190422700959748781e+01 4.803189835776780492e-02 2.352468803530839381e+01 2.007947529922106400e-01 1.106260626772344047e-01 0.000000000000000000e+00
1.253489513773530817e+01 1.510592497231362519e-01 3.122140854730257331e+01 3.188569489823239733e-02 4.719929638323943522e+01 6.215242376481161513e-02 6.084623090967029668e+01 1.058525909720825914e-01 7.211315621771454687e+01 1.697736258864946390e-01 7.982012515060331737e+01 3.558795466310866740e-01 1.052013998392422600e-01 0.000000000000000000e+00
9.775599719311852454e+00 1.481010268314225109e-01 2.412789066990139020e+01 2.175567079671645448e-02 3.848855009920151815e+01 4.325818438375184788e-02 5.005587832178788688e+01 7.551474922879944374e-02 5.886526981622122889e+01 1.254101675613073785e-01 6.425003375861173538e+01 2.971344024422711283e-01 1.096770712805488213e-01 0.000000000000000000e+00
5.496779489536780083e+00 1.442664124183312968e-01 1.464022556879199044e+01 1.213956323165732779e-02 2.199959475743865411e+01 1.788012195781722713e-02 2.805700822434860697e+01 3.169663142867720773e-02 3.211892449565241492e+01 6.258629777702924557e-02 3.532788625385472869e+01 2.201798397340148372e-01 1.075009447783705774e-01 0.000000000000000000e+00
2.200175911910235982e+00 1.419374720383628774e-01 7.069400837671580007e+00 7.694944941111472175e-03 1.009297017900764537e+01 8.007081930588690402e-03 1.235705431628982964e+01 1.522154140443294883e-02 1.323350649607946927e+01 3.977122347440920080e-02 1.479418593271334181e+01 1.909341326276260686e-01 1.126566394929973125e-01 0.000000000000000000e+00
3.017407178984766070e+00 1.424636080571999863e-01 5.650623647714089870e+00 7.180861765584392077e-03 8.650820886954550204e+00 7.292518610942598165e-03 1.056528838393251135e+01 1.412485327504313902e-02 1.146185852322964571e+01 3.854601655505968810e-02 1.197843956821651901e+01 1.885679986747469949e-01 1.257934945663776727e-01 0.000000000000000000e+00
2.111461952672523790e+00 1.418823852865163382e-01 5.920595559560647203e+00 7.270935481109046770e-03 8.308909812130401917e+00 7.138355256852588551e-03 9.836858470270030352e+00 1.372492584831663809e-02 1.024473959187314698e+01 3.779515535961717326e-02 1.062022097149405120e+01 1.875674314700352951e-01 1.131411460439080141e-01 0.000000000000000000e+00
8.236159909780402799e+00 1.466162746282987928e-01 2.104581355158387268e+01 1.813829125011937049e-02 2.980000151931583119e+01 2.819122879873757828e-02 3.529042088893229590e+01 4.343405058966273713e-02 3.910356173219894771e+01 7.554169323607677622e-02 4.099191327960647158e+01 2.319591431276536164e-01 1.040737287382147436e-01 0.000000000000000000e+00
4.401828270288265621e+00 1.434329211039659380e-01 1.026816278198962351e+01 9.223203671457033334e-03 1.543427754919854600e+01 1.155944059463553768e-02 1.866532652098022993e+01 2.035999282045235573e-02 2.066526917233787586e+01 4.662153686980011202e-02 2.282313895263590808e+01 1.998602582312414555e-01 1.176836632314581799e-01 0.000000000000000000e+00
2.119064784300388915e+00 1.418853077108465088e-01 6.755334976687898063e+00 7.572433873048861445e-03 1.048730841560021076e+01 8.220575725407278447e-03 1.289675127890000184e+01 1.558318471928025681e-02 1.483827760907448123e+01 4.101679367188153930e-02 1.515285665929114778e+01 1.912637748326526943e-01 1.173922136763070334e-01 0.000000000000000000e+00
2.927633454470150998e+00 1.424030194541908434e-01 9.618048954482244284e+00 8.871196665268197765e-03 1.566077905973139472e+01 1.174155250526525036e-02 1.932979472573038038e+01 2.101719106978190699e-02 2.127621730385404319e+01 4.730718063730879330e-02 2.234645600641552932e+01 1.992411810436038599e-01 1.191293230539951509e-01 0.000000000000000000e+00
5.132539661511651730e+01 2.329367830664303696e-01 1.967088186312327878e+02 9.822117415009961050e-01 3.999224996322408288e+02 4.014393463332131873e+00 5.534617265943384155e+02 7.690512021282096100e+00 6.543432725414746756e+02 1.078713011974563862e+01 7.298951463141877412e+02 1.362657692253714181e+01 1.476176933957771276e-01 0.000000000000000000e+00
2.315713799403180673e+00 1.420081445338994830e-01 7.955945713821739318e+00 8.067189650453292574e-03 1.209229337341856692e+01 9.169646018386930914e-03 1.407251474055930807e+01 1.642187330866946154e-02 1.546570740904408936e+01 4.153872960716054052e-02 1.565844073067531639e+01 1.917405381261577113e-01 1.365037091345540077e-01 0.000000000000000000e+00
1.585410505925532121e+01 1.551216413134506866e-01 3.431091177560391969e+01 3.708426051420247310e-02 4.936078845735683984e+01 6.742854267504871935e-02 5.872531514199390301e+01 9.942962710155631156e-02 6.630192864547382214e+01 1.492327160960706389e-01 7.011086858384901177e+01 3.178230463309277276e-01 1.424156407007832748e-01 0.000000000000000000e+00
1.141658306756637700e+02 5.252411229114952729e-01 3.826499349925222191e+02 3.683620502061185853e+00 8.600588634020357404e+02 1.852084813846388656e+01 1.243789788392374703e+03 3.873477152182399408e+01 1.620581383207529825e+03 6.581185623764557135e+01 1.970723428041126908e+03 9.761411966841541243e+01 1.424698779892332734e-01 0.000000000000000000e+00
1.970564180870040332e+02 1.212802164336872046e+00 5.296862323951230564e+02 7.043802756327993464e+00 9.425061393726734877e+02 2.223847868243900550e+01 1.255528062551376706e+03 3.946867231439193091e+01 1.549556789101224012e+03 6.017763720844514097e+01 1.783064782928563318e+03 7.997122409188530412e+01 1.377974340813643561e-01 0.000000000000000000e+00
7.351790201499432520e+00 1.458165721127797354e-01 1.764288686653421223e+01 1.469600196072817083e-02 2.782434992365071835e+01 2.529208946084706561e-02 3.506110260156115288e+01 4.302186146939660644e-02 4.080804855217859739e+01 7.907282005614038600e-02 4.435072922302907727e+01 2.396999987881334448e-01 1.340430908517724617e-01 0.000000000000000000e+00
8.229058824367013969e+00 1.466093695115253392e-01 2.793199575525881784e+01 2.687527152669247354e-02 5.315981656936574495e+01 7.726762781864597585e-02 6.975545303870566727e+01 1.352891446249730734e-01 8.106509592914014206e+01 2.047189942589167089e-01 8.823226315910513051e+01 3.926630152831265819e-01 1.488295306396454354e-01 0.000000000000000000e+00
4.376283788464012225e+00 1.434126919566860725e-01 1.851464498734429043e+01 1.552267441623291118e-02 4.265092101812241054e+01 5.181345783342954786e-02 6.244467800352751397e+01 1.108417021659319907e-01 8.055686891681419581e+01 2.026281978508855386e-01 9.398788504601112948e+01 4.198687176406830646e-01 1.339942382745928917e-01 0.000000000000000000e+00
2.031935796272647199e+00 1.418327477274996529e-01 5.407904328059760957e+00 7.102964138027636001e-03 8.094911504599769714e+00 7.044813263414212781e-03 1.004099407995509452e+01 1.383414577565129054e-02 1.158257749080050836e+01 3.862445239306341177e-02 1.213884102361765827e+01 1.886938235303754485e-01 1.369503187260807664e-01 0.000000000000000000e+00
9.790224972860981367e+00 1.481148245636290939e-01 2.417693897520496904e+01 2.181695898119608359e-02 3.894909886111273067e+01 4.416212617792571876e-02 4.911013067010016897e+01 7.313297600485081651e-02 5.763105412741498412e+01 1.217236340637506131e-01 6.304773255572568047e+01 2.930997583195353307e-01 1.386928287232580548e-01 0.000000000000000000e+00
2.623306329806050385e+00 1.422061225651292393e-01 7.244048709882172865e+00 7.765184043953010130e-03 1.187314338316937778e+01 9.032515025113416196e-03 1.542514286747307040e+01 1.747219618885519077e-02 1.824779769038267929e+01 4.408978984584253219e-02 1.981874916402588838e+01 1.961443766411716250e-01 1.474299800238740854e-01 0.000000000000000000e+00
2.676329927207681703e+00 1.422389067654898087e-01 8.073878171869786513e+00 8.119671429267179275e-03 1.391919188200934343e+01 1.040688515734223586e-02 1.735204703220135514e+01 1.912627621822812415e-02 2.010563753045776281e+01 4.600918816892953650e-02 2.102545190444469725e+01 1.975830535552357548e-01 1.497965738318718376e-01 0.000000000000000000e+00
2.730626730256452639e+00 1.422756414675073189e-01 5.856531871419220714e+00 7.249156536994071261e-03 9.502518477211118864e+00 7.701895179918412902e-03 1.194093678637891109e+01 1.495258182926509187e-02 1.368728369359996755e+01 4.011048699654889971e-02 1.530424781239914189e+01 1.914069251685597550e-01 1.393758545536760707e-01 0.000000000000000000e+00
2.793754110931661927e+00 1.423162658712027462e-01 5.498479274118895255e+00 7.131691413963745126e-03 8.047002437865611313e+00 7.024218155948794284e-03 9.707796059315976223e+00 1.365676208091034030e-02 1.074473370076336742e+01 3.809462562232327626e-02 1.189268247743907203e+01 1.885010158115170142e-01 1.482329816566769765e-01 0.000000000000000000e+00
2.696770204800673199e+00 1.422525792005084333e-01 5.627166195734061738e+00 7.173153614410919532e-03 8.368648212761849337e+00 7.164861587426987928e-03 1.004494607092692604e+01 1.383628805769215528e-02 1.127667512790578819e+01 3.842698015435223186e-02 1.164212437718289550e+01 1.883131386033945198e-01 1.453441109142439291e-01 0.000000000000000000e+00
