6.077788716528358809e-02 2.668676812438784962e-01 5.119842472867971450e-01 7.154694683626596774e-01 8.640820340451305093e-01 9.632168888258391126e-01
1.436244730418241751e-02 6.314579736188136172e-02 1.229014993418225676e-01 1.730971902530986095e-01 2.082078946658753871e-01 2.337741416353812662e-01
6.066660419268257026e-03 2.647773179218328166e-02 5.233041640834196900e-02 7.440869930011624611e-02 8.894353328630505429e-02 1.006973754359144213e-01
3.260513167335356548e-03 1.409208430185082336e-02 2.828279090590669897e-02 4.064997832625723284e-02 4.827022835291704811e-02 5.521795704501517715e-02
1.995816067197783445e-03 8.564364161179288323e-03 1.744074651845315890e-02 2.534724774136452169e-02 2.994077702106062028e-02 3.462189446947619431e-02
1.323709054916487543e-03 5.667786643593832052e-03 1.169840532751185644e-02 1.716643530776181675e-02 2.025273248435534301e-02 2.359877215671464176e-02
9.267860667178926849e-04 3.980122602262347632e-03 8.322022417501857838e-03 1.227949539817860432e-02 1.457306351883301890e-02 1.700981164346942326e-02
6.751266979000761226e-04 2.918903601358688576e-03 6.185000820864861720e-03 9.150506638760314698e-03 1.098711207575137766e-02 1.276123458882317749e-02
5.074300946840820930e-04 2.211177713464269369e-03 4.754899988139964749e-03 7.042253551654199806e-03 8.579257520754666674e-03 9.891620979145124629e-03
3.914801465332282994e-04 1.716739319329669590e-03 3.754404505907543103e-03 5.563513483786574135e-03 6.874132276998311253e-03 7.886064961582641558e-03
3.088609702068489363e-04 1.359100297114990401e-03 3.027911594736188566e-03 4.495351816687604557e-03 5.613135879615491555e-03 6.424884097476457091e-03
2.482871612226897427e-04 1.093222503563824133e-03 2.484141631306975920e-03 3.706586219415758995e-03 4.653509755465856657e-03 5.324831384282220983e-03
2.025897268084838481e-04 8.907580833072916869e-04 2.067841341211565463e-03 3.110738252624168157e-03 3.908336271442366949e-03 4.474122009427103711e-03
1.671965537735914799e-04 7.336461338911873242e-04 1.743552722524569247e-03 2.646967861298090210e-03 3.322879070479289876e-03 3.803708162632625945e-03
1.392260439534034151e-04 6.100472694264981021e-04 1.487179383336526299e-03 2.274776152605941827e-03 2.859058720438584049e-03 3.266031635695179625e-03
1.168200011991143446e-04 5.116188603483098809e-04 1.281898984535748565e-03 1.970200342213480720e-03 2.488615416022360669e-03 2.829537375351244902e-03
9.866873997080552092e-05 4.322900628567383110e-04 1.115248238178563568e-03 1.717954837645252041e-03 2.187354201627630251e-03 2.473146493932849334e-03
8.379278587850754714e-05 3.677083552226057352e-04 9.778181812617170975e-04 1.507746943889621107e-03 1.935820785563812556e-03 2.180553855966104425e-03
7.144667794908198455e-05 3.146900505313056048e-04 8.628208838438608747e-04 1.331914356044500754e-03 1.721630447250574935e-03 1.938642370136754115e-03
6.108865959735569281e-05 2.707952415818097309e-04 7.654070734168953510e-04 1.184041912847963278e-03 1.537490751457936105e-03 1.736494709243049809e-03
5.233663788112497732e-05 2.341547601044086221e-04 6.821679955394491799e-04 1.058585487807713835e-03 1.378255493115554788e-03 1.566148763378414363e-03
4.491714135549241242e-05 2.034016795645317895e-04 6.105117308977431496e-04 9.509207141482394149e-04 1.240101215118333050e-03 1.421880717279514796e-03
3.862598976958901193e-05 1.775204535686769418e-04 5.483945956495357796e-04 8.576739993731417357e-04 1.120138697243555984e-03 1.298067555305809119e-03
3.329211562587688699e-05 1.556720782381098211e-04 4.942677182906028352e-04 7.764454155793010714e-04 1.016122448027496124e-03 1.190178305730533190e-03
2.877049542495376460e-05 1.371507991341128598e-04 4.468951770698460866e-04 7.055601489681932910e-04 9.257780852127379468e-04 1.094792498024666459e-03
2.494043731414119673e-05 1.213984805122725688e-04 4.051763976214658482e-04 6.437312605565414375e-04 8.468742848614466698e-04 1.008992937517860441e-03
2.170015715354623809e-05 1.079490696135216319e-04 3.681823752837689516e-04 5.898391640939783026e-04 7.778205828225454640e-04 9.304971089114205370e-04
1.895996522753865950e-05 9.638500513440890918e-05 3.351883677355552127e-04 5.426807126198796927e-04 7.170373280361676867e-04 8.588386200322388822e-04
1.663170361898802215e-05 8.636452917500280965e-05 3.057491253172771339e-04 5.009307471587517687e-04 6.628062403258542113e-04 7.948938607661117832e-04
1.463588295653877852e-05 7.762943795081645229e-05 2.795104539569409521e-04 4.632456292537033842e-04 6.137302800488132889e-04 7.381832158424925369e-04
1.290401962574472828e-05 6.996081909970618086e-05 2.561837287032901430e-04 4.286875739035557248e-04 5.690705546694014173e-04 6.870424354074535942e-04
1.138661198218340891e-05 6.316201001375691627e-05 2.355736359700792682e-04 3.968107615115597469e-04 5.287939620241841141e-04 6.405029357977534568e-04
1.004902778303104835e-05 5.707974682866376472e-05 2.173306800714897176e-04 3.673569759474055161e-04 4.927606518315872600e-04 5.978610885260537706e-04
8.870389748804700247e-06 5.161754014937300101e-05 2.009946939533097132e-04 3.402891984646727770e-04 4.604557800472603682e-04 5.587231895034362825e-04
7.834932148473728041e-06 4.671442324119973741e-05 1.862196040496835367e-04 3.156374805215163087e-04 4.312339551088263342e-04 5.230963036582166482e-04
6.929356341541803791e-06 4.233416872960672788e-05 1.727241599854650292e-04 2.934845283866122936e-04 4.044944556921689291e-04 4.907589357513684200e-04
6.139485856792459233e-06 3.845671030440671545e-05 1.602332694142604818e-04 2.737871448784839380e-04 3.797694090912032572e-04 4.613302555015302278e-04
5.451134180784459339e-06 3.506229870547090499e-05 1.485550472777242192e-04 2.563592849889825571e-04 3.567070875307419304e-04 4.345694175693521353e-04
4.850953767121287829e-06 3.211926613144129502e-05 1.376124514521948376e-04 2.407610613562250672e-04 3.351604385499603808e-04 4.102703568774345192e-04
4.327290994781441467e-06 2.958313934744930804e-05 1.273661604460301733e-04 2.265805913223649230e-04 3.151450678769107086e-04 3.880235762463093313e-04
3.870253375026215654e-06 2.739782025745268127e-05 1.177541616886627548e-04 2.135001375838438528e-04 2.967484472349811442e-04 3.673415363865318488e-04
3.471196791460440982e-06 2.549523621978550157e-05 1.087442330549898313e-04 2.013288895731453379e-04 2.800235994338671390e-04 3.479364190577253395e-04
3.122483978313670140e-06 2.380334595326447477e-05 1.003526961603127908e-04 1.901247685501363850e-04 2.648637704286637925e-04 3.296241535911374082e-04
2.817421282119710138e-06 2.226200773046718053e-05 9.260266983193640993e-05 1.798600914039059581e-04 2.510508972062429518e-04 3.123139758785616516e-04
2.550217045776381138e-06 2.083025729981863327e-05 8.548810912916684959e-05 1.703659356132626590e-04 2.383597755437776077e-04 2.960119088283503543e-04
2.316126909168092668e-06 1.948329642345642511e-05 7.898273187398627087e-05 1.615684682525175798e-04 2.265682953496350109e-04 2.807962137031860470e-04
2.111146587921105246e-06 1.820647461615136428e-05 7.304209839944150458e-05 1.533595119145481523e-04 2.154777209320521717e-04 2.667266640308007847e-04
1.931865753760881914e-06 1.699371053927511697e-05 6.761540267554549120e-05 1.455442110141653164e-04 2.049410660722710963e-04 2.537990386047095175e-04
1.775122915684411478e-06 1.584716675066124512e-05 6.264789050025095657e-05 1.381362387483845268e-04 1.948747307285892284e-04 2.419413828842169735e-04
1.638030733860459501e-06 1.477253011932577322e-05 5.808842309824553614e-05 1.312419509752440940e-04 1.852786341210372386e-04 2.310418310989984046e-04
1.518010711868018305e-06 1.377453846286629614e-05 5.388594704615267089e-05 1.248254946521294901e-04 1.762139393170821661e-04 2.209474878549875110e-04
1.412766046100466493e-06 1.285347412620737929e-05 5.000494766148717651e-05 1.187651920326195207e-04 1.677244695667726268e-04 2.114895874595127106e-04
1.320222386884113057e-06 1.200564181493888366e-05 4.642507639325937739e-05 1.129798631742869877e-04 1.598113366880893197e-04 2.025307051362385978e-04
1.238480163994324796e-06 1.122487336046490400e-05 4.313636134928110601e-05 1.074939324545257655e-04 1.524533636496368369e-04 1.939622167384522425e-04
1.165791874567707826e-06 1.050373797740820797e-05 4.012354242388957253e-05 1.023937078808524260e-04 1.455826833185759064e-04 1.857125664018802994e-04
1.100607042134370154e-06 9.834743134907452679e-06 3.736607154749374717e-05 9.766747291476192839e-05 1.390886245088527467e-04 1.777841366037174369e-04
1.041731820629067795e-06 9.210788105996993693e-06 3.484505891241801705e-05 9.324649673973098101e-05 1.328907350619796103e-04 1.702564037801392114e-04
9.882130033303514989e-07 8.625906072629579974e-06 3.254835628339969523e-05 8.905603913653636038e-05 1.269571701597382938e-04 1.632003891674450782e-04
9.393829862637145666e-07 8.076464777675481787e-06 3.046048405510977321e-05 8.507038836524830983e-05 1.212710153138848426e-04 1.565998767193450673e-04
8.946708093854335282e-07 7.560634046173983239e-06 2.855683095527468396e-05 8.126611062296235988e-05 1.158449433695325130e-04 1.503950416395755487e-04
8.535272593654216107e-07 7.077156653470008385e-06 2.680734413539942991e-05 7.760583158693693862e-05 1.107163539134384608e-04 1.445259890797973153e-04
8.154333332313136439e-07 6.624203933865541263e-06 2.519463345994000633e-05 7.405622650817514190e-05 1.059163895375782126e-04 1.389356325495735899e-04
7.799570214443950920e-07 6.199482887508623770e-06 2.370484614091804873e-05 7.058112651380569179e-05 1.014445831958774681e-04 1.335894544973104581e-04
7.467367291562305896e-07 5.800536217610412779e-06 2.232484668113653614e-05 6.719438969126205496e-05 9.727432715149116353e-05 1.284909355384196395e-04
7.154832697410319073e-07 5.425325553744604017e-06 2.103508333704520573e-05 6.392836205681508603e-05 9.338006137173187834e-05 1.236385474574965698e-04
6.859583613988639169e-07 5.072123936247338394e-06 1.981928488676548542e-05 6.081948893037019115e-05 8.974387687625731268e-05 1.190324973007817529e-04
6.579425704506808527e-07 4.739132640351071334e-06 1.866704948976481105e-05 5.786719805678902754e-05 8.634495339492410969e-05 1.146302181023195352e-04
6.312337015286658205e-07 4.424690607871059549e-06 1.757383522182085620e-05 5.505387414225950917e-05 8.317676486646889862e-05 1.104256171784975859e-04
6.056528482963521930e-07 4.127690311416930364e-06 1.653856352753963439e-05 5.236488095986376940e-05 8.022239708352038069e-05 1.064244027441888386e-04
5.810701105802376097e-07 3.847614456494212535e-06 1.556415832252633209e-05 4.979676597811269337e-05 7.744641091256173867e-05 1.026472227128592850e-04
5.573828908956850708e-07 3.584369855431853777e-06 1.465900838606772059e-05 4.734269567799596527e-05 7.481482892999401441e-05 9.911306365690816594e-05
5.345305849292185526e-07 3.338080263744562652e-06 1.383421352437233532e-05 4.499593474494165206e-05 7.230314681842004028e-05 9.580737636264360512e-05
5.124734337048737615e-07 3.108784869298477737e-06 1.309505262295752635e-05 4.272819577635193902e-05 6.989144472063423214e-05 9.263763060296027231e-05
4.911834699613495915e-07 2.896430820737132023e-06 1.244011293687982332e-05 4.052499554256044451e-05 6.757676230975743744e-05 8.953897095956788355e-05
4.706445755283121412e-07 2.700782021516340637e-06 1.186164539032402205e-05 3.837764191782057702e-05 6.538261903666066853e-05 8.646777822498099599e-05
4.508529965565912319e-07 2.521294639523553222e-06 1.134815379005939598e-05 3.629201162879696930e-05 6.333703906066218245e-05 8.340765305329611514e-05
4.318050034587325354e-07 2.357003788365978610e-06 1.088915022019166674e-05 3.427578873652674726e-05 6.144664974087385011e-05 8.034403145844391109e-05
4.134954158869585147e-07 2.206506994766084686e-06 1.047147299735781871e-05 3.232102539352983976e-05 5.968507034650921873e-05 7.734253892245161993e-05
3.959179303564543568e-07 2.068109842878368154e-06 1.008168411367683082e-05 3.044500565904347246e-05 5.801021903484949787e-05 7.448501035290309416e-05
3.790648221880133914e-07 1.940103273035471387e-06 9.709923510836696535e-06 2.866619944825038864e-05 5.637081168802291728e-05 7.182145514077377261e-05
3.629297802984659067e-07 1.820949229288470165e-06 9.348902440460005734e-06 2.700448345687026503e-05 5.472968822376324765e-05 6.931216077156425047e-05
3.475085534519137411e-07 1.709403880134380493e-06 8.994774318783680026e-06 2.546758838796647754e-05 5.307298300288436918e-05 6.693024272668770538e-05
3.328002368032567208e-07 1.604612983475774848e-06 8.645195176233305180e-06 2.404074888479671151e-05 5.140653577133766388e-05 6.466231708993246184e-05
3.188064558489022817e-07 1.505994757851433494e-06 8.298492621651603449e-06 2.271796939744997001e-05 4.973235901564366813e-05 6.253363825855095691e-05
3.055193718446740069e-07 1.413239740885694950e-06 7.955264603808010471e-06 2.148818695918308126e-05 4.805060026850195348e-05 6.054139016193970475e-05
2.929232942145195539e-07 1.326154348665341729e-06 7.617549828009148201e-06 2.035168882726150165e-05 4.635973429345334722e-05 5.868268449956238282e-05
2.809959295307946167e-07 1.244627519479490841e-06 7.289063461888524570e-06 1.930760806389481549e-05 4.466471876030514421e-05 5.692963866189668678e-05
2.697042481614879867e-07 1.168532432007900941e-06 6.972733632510121558e-06 1.835113183049646125e-05 4.297371608562436038e-05 5.528375552896068235e-05
2.590165258410481764e-07 1.097694673576339788e-06 6.671573397365297098e-06 1.747374233346612077e-05 4.130024173744015881e-05 5.374100395706123368e-05
2.489032139369680143e-07 1.031861077169434084e-06 6.386831732987451429e-06 1.666709052098286863e-05 3.965279799345020805e-05 5.232003780462881948e-05
2.393371191317236314e-07 9.707497779558935345e-07 6.118398817443549641e-06 1.591998914839988771e-05 3.803382540692699796e-05 5.099900737726212189e-05
2.302934664454907111e-07 9.140558263156404949e-07 5.865216303136772669e-06 1.521582536175066946e-05 3.644305761028384950e-05 4.976151897149489492e-05
2.217495773120529046e-07 8.614800270595655811e-07 5.624596128148082366e-06 1.454712345752837649e-05 3.488849245205758208e-05 4.858189869470272941e-05
2.136824731977713298e-07 8.127332301131718765e-07 5.394648041559497531e-06 1.389787091713565129e-05 3.338447322909059574e-05 4.744341452021547481e-05
2.060701640201521622e-07 7.675386256116915044e-07 5.173600640387374951e-06 1.326921793330623596e-05 3.194618366613963153e-05 4.633295062998594001e-05
1.988904412185942041e-07 7.256297327245167788e-07 4.960062891236214108e-06 1.266592215544198618e-05 3.058050137507793139e-05 4.524266517106414207e-05
1.921208142318509607e-07 6.867558595998601605e-07 4.753327738013983152e-06 1.208749407806197804e-05 2.928683102398363998e-05 4.417626236180343719e-05
1.857402721471074428e-07 6.506817437677304639e-07 4.553154240779880922e-06 1.152800146869032108e-05 2.805967580313362838e-05 4.314074985195636271e-05
1.797292862920582963e-07 6.171888836263213680e-07 4.359432026718833721e-06 1.098413421188940843e-05 2.689295048729211998e-05 4.213810836773288019e-05
1.740696941718692564e-07 5.860747970246277379e-07 4.172336742814723231e-06 1.045190456062017917e-05 2.578279047038027145e-05 4.115438363027538684e-05
1.687438515812662032e-07 5.571507780983194545e-07 3.992220759591683110e-06 9.933329039263901828e-06 2.472525021233878826e-05 4.017886467492513993e-05
1.637342724660936795e-07 5.302485023317680807e-07 3.819134071122868082e-06 9.438024841528971971e-06 2.371500371128760704e-05 3.919441745253124691e-05
1.590230677010437868e-07 5.052239893627360740e-07 3.652688859863796699e-06 8.975209759770193073e-06 2.274318682826233909e-05 3.820473097173313000e-05
1.545917411746121353e-07 4.819538940918646819e-07 3.492216712798085723e-06 8.552811428061148194e-06 2.179887459549780725e-05 3.720647155834335394e-05
1.504226425980738917e-07 4.603327555509503916e-07 3.337244617290773239e-06 8.176165824660351408e-06 2.087327879937452195e-05 3.620532555119790043e-05
1.464982992561415112e-07 4.402622770953041247e-07 3.187459985976691226e-06 7.847394384855478278e-06 1.996225944997946490e-05 3.519882972237919975e-05
1.428017658574561691e-07 4.216510664338924380e-07 3.042591320890271180e-06 7.565666356450361250e-06 1.906632521505069024e-05 3.418637413633522892e-05
1.393169079664111863e-07 4.044056339716676453e-07 2.902404442406798759e-06 7.323832329488660865e-06 1.818962696722761424e-05 3.317074644123734807e-05
1.360284081875369094e-07 3.884248244268347343e-07 2.766749369636034879e-06 7.117164126836198454e-06 1.733660820866000837e-05 3.215383739993442407e-05
1.329217088659458995e-07 3.736008003661710731e-07 2.635408094873370729e-06 6.937100361693858023e-06 1.651167092056826275e-05 3.114026268018532569e-05
1.299829694343743243e-07 3.598284709669322298e-07 2.508147084381367141e-06 6.774285229380796557e-06 1.572115157611579536e-05 3.013109183801503024e-05
1.271988053046921312e-07 3.470109017951956635e-07 2.384792178859390968e-06 6.622375285681661127e-06 1.496939037734673243e-05 2.912224009129118482e-05
1.245561770974959280e-07 3.350581029722434563e-07 2.265482549252485556e-06 6.474910666529061844e-06 1.426025599457927641e-05 2.811550159370961938e-05
1.220437049729010795e-07 3.238864610173960424e-07 2.150492544375137391e-06 6.326108524584527576e-06 1.359578335673097641e-05 2.711605348351423393e-05
1.196510583222818643e-07 3.134184243169224699e-07 2.040159156951054133e-06 6.175406163757066830e-06 1.297555355008520323e-05 2.613100978958493218e-05
1.173687903529075056e-07 3.035807101438028520e-07 1.934704817634838790e-06 6.021849569141068485e-06 1.239743513741115145e-05 2.517231537612600064e-05
1.151895593344743084e-07 2.943033255232878221e-07 1.834645238289589730e-06 5.864126064196831820e-06 1.185806678750243276e-05 2.424331202805663648e-05
1.131067433312794982e-07 2.855284648239528114e-07 1.740281476634103711e-06 5.702669840863040512e-06 1.135281095868022432e-05 2.333971965465558810e-05
1.111140214949239931e-07 2.772057537132990228e-07 1.651728581565775044e-06 5.538105794764988509e-06 1.087834900523832065e-05 2.246487871654759169e-05
1.092053639494263504e-07 2.692992932622971316e-07 1.568951811245474736e-06 5.370434456772841244e-06 1.043106442034069366e-05 2.161974594411301503e-05
1.073749811394910311e-07 2.617781833087260710e-07 1.491760643713584298e-06 5.200593644053996703e-06 1.000733419789468549e-05 2.080619359514256211e-05
1.056173577087111270e-07 2.546135914652847582e-07 1.419734900446484522e-06 5.031004154731370829e-06 9.603491363925917705e-06 2.003310881721320815e-05
1.039272272643341982e-07 2.477785341099816051e-07 1.352224219446763530e-06 4.864404980820008601e-06 9.214570789345493372e-06 1.930309210147960862e-05
1.022995307535092853e-07 2.412479146095134439e-07 1.288686178189853846e-06 4.703479979517697489e-06 8.836328306779319840e-06 1.861466557426265020e-05
1.007293935181349882e-07 2.349971539942136526e-07 1.228525953446657613e-06 4.549844027659220947e-06 8.466451506067823851e-06 1.796953296356154547e-05
9.921273866078553519e-08 2.290019146753888215e-07 1.171174141351633034e-06 4.403915095521198542e-06 8.103110574094975264e-06 1.736482057457148937e-05
9.774578318250175940e-08 2.232400501425479178e-07 1.116279210133565006e-06 4.265867910809770225e-06 7.749257260725797163e-06 1.679182311885737448e-05
9.632504693417767422e-08 2.176907470918849652e-07 1.063609056490801909e-06 4.135116604045863554e-06 7.409090474386635698e-06 1.624440714531064577e-05
9.494785846201237275e-08 2.123376560540082250e-07 1.013038644470147836e-06 4.010479838867166812e-06 7.087813406912145070e-06 1.571146551046739181e-05
9.361180610366823249e-08 2.071658290134211365e-07 9.644822512752218934e-07 3.890482616464829553e-06 6.791698052542206803e-06 1.518152122343264394e-05
9.231456508601014753e-08 2.021609396753884934e-07 9.179476305669389673e-07 3.773926847395225642e-06 6.526004181934238051e-06 1.465012119865078447e-05
9.105388080256042607e-08 1.973094385568078653e-07 8.734956179099969981e-07 3.660004353521793172e-06 6.293023885642271060e-06 1.411350643381740331e-05
8.982757759681823961e-08 1.925985089532414605e-07 8.311472200758241148e-07 3.547992542173322428e-06 6.092342028946247276e-06 1.357692056222912689e-05
8.863352951711740958e-08 1.880160944811917720e-07 7.909000698091383412e-07 3.437394094984802723e-06 5.920402926304833521e-06 1.304576019144955491e-05
8.746969011424415327e-08 1.835514181445888231e-07 7.527314833447315808e-07 3.328127119816915171e-06 5.772851229018441004e-06 1.252176499586145144e-05
8.633406222488780065e-08 1.791967600995745887e-07 7.166107891110183975e-07 3.220721027224628555e-06 5.643805163073111921e-06 1.201163329689577036e-05
8.522473039322718137e-08 1.749461973372231230e-07 6.824830416720162739e-07 3.116351988743842564e-06 5.527666796408246874e-06 1.151448062847266817e-05
8.413988004027916867e-08 1.707963566248911293e-07 6.502766806413225760e-07 3.015373437845247463e-06 5.420057917072043240e-06 1.102776655781582256e-05
8.307796585455255167e-08 1.667449826071801259e-07 6.198957498747730880e-07 2.917383181061129190e-06 5.317805837313733417e-06 1.055561949147402322e-05
8.203764580163696336e-08 1.627899150031587711e-07 5.912489296810398838e-07 2.822803716549978736e-06 5.218726858787914624e-06 1.010048164461353054e-05
8.101767517602864363e-08 1.589290400610766799e-07 5.642549984186770156e-07 2.731457570211066265e-06 5.120903133679667494e-06 9.663072249351387690e-06
8.001710457750991010e-08 1.551601950927490096e-07 5.388404122749799143e-07 2.642477718390573631e-06 5.022666370062405129e-06 9.245516010688458307e-06
7.903512826845678969e-08 1.514812990468513819e-07 5.149307934829393658e-07 2.555193906632617813e-06 4.922773947671383036e-06 8.848556695862397708e-06
7.807101587851852467e-08 1.478902082488763550e-07 4.924492607646428017e-07 2.469412039507883674e-06 4.820674322989912253e-06 8.474833076561064321e-06
7.712408874357466013e-08 1.443849072016041239e-07 4.713114475774718696e-07 2.385142965651295218e-06 4.715719140293377472e-06 8.123646694817755894e-06
7.619367043630051152e-08 1.409643532605834667e-07 4.514249083792576963e-07 2.301864927619848413e-06 4.608426183496941953e-06 7.794432451871459206e-06
7.527912057083073039e-08 1.376281682054913516e-07 4.327018413333823854e-07 2.219338113752320003e-06 4.499747625168385653e-06 7.489681754209171543e-06
7.437981701451936850e-08 1.343768585429910537e-07 4.150753901829345937e-07 2.138072535634300534e-06 4.390521268597745437e-06 7.206863079649577696e-06
7.349515742971001602e-08 1.312109577718429697e-07 3.984766125641658154e-07 2.058236058377143306e-06 4.281957012178974842e-06 6.943509731499418599e-06
7.262451919395768625e-08 1.281308141223932810e-07 3.828364941464859769e-07 1.979571998212516681e-06 4.175265286188504784e-06 6.698166489426434899e-06
7.176729706677915317e-08 1.251366740277265112e-07 3.680903861399020826e-07 1.902218896463305332e-06 4.071596632890050967e-06 6.468862029062739968e-06
7.092286288275477002e-08 1.222286884260159441e-07 3.541812626033771282e-07 1.826487644432919673e-06 3.971682578208744210e-06 6.253491914816701151e-06
7.009060325027453679e-08 1.194068948365864811e-07 3.410602240737196365e-07 1.752771468523894347e-06 3.876498552238243162e-06 6.051371403415198521e-06
6.926988128556081573e-08 1.166712411886198646e-07 3.286887357363620353e-07 1.681100826583717632e-06 3.786644959879758933e-06 5.861364428488884163e-06
6.846007922809481663e-08 1.140216116568917112e-07 3.170319422051000062e-07 1.611494151160289136e-06 3.702001595647249902e-06 5.682364058728783620e-06
6.766062473493615580e-08 1.114577347410512642e-07 3.060560407065173916e-07 1.544325840337720834e-06 3.621938933365131432e-06 5.515364554053905724e-06
6.687096553980804478e-08 1.089786088311605624e-07 2.957289845650929309e-07 1.479964760750090325e-06 3.545296556589713195e-06 5.360230685395941500e-06
6.609062693760558398e-08 1.065827787884987066e-07 2.860208779465898328e-07 1.418582930957532606e-06 3.470850795016771682e-06 5.216348035803284760e-06
6.531914225745460855e-08 1.042684380207767041e-07 2.769040949298356847e-07 1.360239440107607744e-06 3.397101787156234244e-06 5.084379768871920743e-06
6.455614573065920551e-08 1.020331552377799270e-07 2.683519605887613324e-07 1.304974121959362895e-06 3.322860608528668652e-06 4.963773077925052599e-06
6.380129626363636290e-08 9.987453566012297118e-08 2.603385212974947485e-07 1.252780837628839951e-06 3.247218595360751989e-06 4.852463937866688840e-06
6.305427323945336970e-08 9.779025477610047504e-08 2.528328787002425932e-07 1.203548327564946485e-06 3.169975261641357759e-06 4.747664013560651203e-06
6.231482070610185320e-08 9.577807979831875347e-08 2.457980373400083063e-07 1.157052696579599698e-06 3.091494500372135371e-06 4.648059529015350418e-06
6.158270573099605576e-08 9.383585000559709359e-08 2.391948478346879380e-07 1.112956695990475128e-06 3.012349567782400802e-06 4.552402127888936952e-06
6.085774508753361844e-08 9.196146448971342300e-08 2.329770009031954228e-07 1.070910238404996378e-06 2.933208158378761669e-06 4.458613094709114205e-06
6.013978411236611212e-08 9.015288941395792622e-08 2.271050411180905650e-07 1.030582395296623646e-06 2.854734857878120840e-06 4.365888664456823031e-06
5.942866662701003963e-08 8.840817356498844471e-08 2.215541177544983572e-07 9.916629810542031615e-07 2.777549441667439275e-06 4.274541075416243354e-06
5.872425801571622631e-08 8.672543092101446132e-08 2.162965153871643164e-07 9.539068789355053805e-07 2.702116313493970263e-06 4.185045212931536189e-06
5.802642334275378009e-08 8.510272441521043793e-08 2.113038093459225310e-07 9.171801262788292620e-07 2.628662467494953787e-06 4.097157233231106696e-06
5.733502444541519817e-08 8.353808307464824601e-08 2.065483352776641518e-07 8.814059946329299936e-07 2.557145441013567804e-06 4.010675244827551160e-06
5.664994045262722431e-08 8.202961083110471975e-08 2.020071907737794117e-07 8.465774107516294850e-07 2.487480064237597405e-06 3.926164882844177679e-06
5.597106029928842259e-08 8.057533821865693677e-08 1.976626275585129962e-07 8.126750656590781763e-07 2.419511674257919073e-06 3.844147258706631599e-06
5.529830371100555445e-08 7.917338464915228015e-08 1.934997191496440852e-07 7.796882984407163601e-07 2.353089160165108777e-06 3.764589889022905449e-06
5.463160651572019472e-08 7.782193594945915845e-08 1.895063539620158564e-07 7.477185985987101751e-07 2.287996454501871681e-06 3.687484258963561093e-06
5.397093677522093163e-08 7.651925079359045440e-08 1.856701033470889529e-07 7.168778248833384657e-07 2.223958799315778913e-06 3.612958329462371040e-06
5.331628526822555652e-08 7.526364844200777043e-08 1.819756705551783834e-07 6.872098575778243118e-07 2.160728659461309607e-06 3.540891992466765570e-06
5.266764525895331934e-08 7.405351725459030155e-08 1.784139105843828697e-07 6.587227741772610888e-07 2.098137079394677766e-06 3.470880112056846020e-06
5.202501480838061916e-08 7.288728920711104243e-08 1.749765474423995283e-07 6.314086022298748670e-07 2.036194994104659319e-06 3.402725807799483655e-06
5.138839090869576978e-08 7.176345242555766812e-08 1.716543673731091104e-07 6.052628716915337323e-07 1.974985459810112922e-06 3.336651549692159820e-06
5.075776758805250333e-08 7.068055750843444206e-08 1.684382237196784508e-07 5.802637609113457403e-07 1.914594014675662032e-06 3.272628484921858782e-06
5.013314629188284519e-08 6.963719997299513483e-08 1.653193204784008426e-07 5.563812120343800208e-07 1.855029189703390696e-06 3.210639128263736700e-06
4.951452938948561712e-08 6.863201603654570688e-08 1.622906254544671602e-07 5.335778654363299928e-07 1.796257889413312358e-06 3.150661617754582437e-06
4.890191851989717342e-08 6.766363596601683239e-08 1.593461860330091545e-07 5.118176616691340306e-07 1.738422527969872028e-06 3.092743294967981394e-06
4.829532011302505837e-08 6.673064888307002760e-08 1.564804764198288248e-07 4.910659245524826400e-07 1.681587079139435550e-06 3.036946922315257879e-06
4.769473753423297417e-08 6.583151058825874326e-08 1.536880556885213527e-07 4.712929378228725964e-07 1.625717229928588120e-06 2.983063013285737091e-06
4.710017347094717914e-08 6.496461003821488517e-08 1.509631449471582696e-07 4.524725289424489187e-07 1.570807898866860420e-06 2.930658320692662628e-06
4.651163262462322647e-08 6.412826499877128475e-08 1.482983714884319054e-07 4.345765794425974747e-07 1.516906829871887998e-06 2.879200392415214749e-06
4.592912077482543898e-08 6.332084301020420718e-08 1.456873023803286822e-07 4.175732976999583236e-07 1.464188953580252665e-06 2.828173199859553957e-06
4.535263535337627789e-08 6.254078314848667325e-08 1.431269129912746976e-07 4.014295045451272862e-07 1.412932809838735160e-06 2.777148356693396975e-06
4.478212584055066405e-08 6.178659619810675197e-08 1.406136498822229459e-07 3.861092580007513343e-07 1.363345448614213918e-06 2.725733948317245091e-06
4.421752140601889925e-08 6.105685600355515195e-08 1.381434500012042288e-07 3.715709926155589431e-07 1.315589636509732192e-06 2.673660309070735122e-06
4.365875305978900318e-08 6.035019744242953583e-08 1.357122906644756528e-07 3.577740547962433648e-07 1.269842858035676325e-06 2.620578609780576609e-06
4.310575497820326839e-08 5.966531304617890859e-08 1.333164859182276942e-07 3.446452006975728299e-07 1.226255120885566014e-06 2.566172595380097034e-06
4.255846629095982686e-08 5.900095105181103436e-08 1.309537159441663125e-07 3.321160772116762820e-07 1.184838756973734731e-06 2.510941539843641832e-06
4.201683061187242464e-08 5.835591556071716240e-08 1.286223545943991890e-07 3.201762222675359974e-07 1.145525227637176523e-06 2.455278622924725116e-06
4.148083803920703819e-08 5.772907268561601934e-08 1.263220771506340092e-07 3.088270217522946282e-07 1.108168444989050855e-06 2.399236560375118173e-06
4.095052206843121647e-08 5.711940200671280153e-08 1.240530050623917297e-07 2.980498713075576175e-07 1.072577780053145157e-06 2.343014651458543984e-06
4.042591468978908905e-08 5.652606101048294823e-08 1.218152345743077251e-07 2.878199953791188984e-07 1.038555005090217098e-06 2.287180938564735062e-06
3.990705701330660594e-08 5.594826363271724689e-08 1.196088321687088943e-07 2.781144914120456151e-07 1.005883836353007754e-06 2.231980157355658010e-06
3.939399194690516180e-08 5.538530065557601129e-08 1.174339896603718378e-07 2.689123398993018202e-07 9.742984033602996119e-07 2.177623242921836063e-06
3.888676643899589577e-08 5.483652802324820729e-08 1.152903782098804344e-07 2.601944003437446334e-07 9.435547320572244489e-07 2.124179272873613383e-06
3.838543546364606800e-08 5.430128578676348175e-08 1.131776946485403824e-07 2.519444996576473185e-07 9.134914484489307652e-07 2.071440624653657614e-06
3.789005717443748087e-08 5.377887336389482095e-08 1.110958497520434557e-07 2.441445285643761753e-07 8.840039688650669361e-07 2.019527673401081332e-06
3.740069389101737299e-08 5.326860825945358957e-08 1.090448179008861036e-07 2.367770883394076156e-07 8.550206979268382505e-07 1.968715265921770574e-06
3.691741533480161323e-08 5.276983817015159134e-08 1.070245744927060658e-07 2.298085601953069598e-07 8.264916531115709138e-07 1.918758104544816901e-06
3.644029560079650445e-08 5.228193666566092292e-08 1.050350167632304645e-07 2.232227505036034184e-07 7.984003524389536049e-07 1.869311177877939733e-06
3.596941235757828228e-08 5.180430333301406626e-08 1.030759550049170509e-07 2.170139316052695491e-07 7.707762209015970329e-07 1.820460345200553703e-06
3.550484720155536116e-08 5.133636136203923575e-08 1.011471536859772935e-07 2.111779843902795443e-07 7.436840716565707038e-07 1.772364107314959982e-06
3.504668341801591872e-08 5.087755850782474537e-08 9.924863821917136456e-08 2.057035953162505374e-07 7.172009317388771951e-07 1.724990472378684881e-06
3.459500717071593563e-08 5.042736532203765107e-08 9.738093530450910496e-08 2.005765946693084343e-07 6.913819510678931029e-07 1.678367805072218339e-06
3.414990163520598458e-08 4.998527275760638632e-08 9.554509424510245287e-08 1.957781767209319208e-07 6.662707728633956562e-07 1.632521162491384713e-06
3.371138833710014858e-08 4.955079452348272500e-08 9.374237550829698435e-08 1.912842672620349063e-07 6.418958152878002060e-07 1.587432942291099494e-06
3.327944665235233690e-08 4.912347177672639737e-08 9.197495101828955459e-08 1.870693337110206411e-07 6.182834833594037922e-07 1.543235834633851559e-06
3.285405529881961691e-08 4.870291843071954561e-08 9.024443636754414338e-08 1.831071706039502485e-07 5.954556218966410300e-07 1.500140302900113242e-06
3.243518888093232346e-08 4.828879073980953698e-08 8.855084966455614127e-08 1.793715737847325748e-07 5.734107552239315130e-07 1.458125417836540796e-06
3.202274875391811974e-08 4.788077276993656808e-08 8.689438240093732125e-08 1.758407162092902689e-07 5.521429792954190718e-07 1.417139519655565224e-06
3.161660582365669837e-08 4.747861541178187526e-08 8.527551616882579615e-08 1.724908915323497063e-07 5.316395674996485151e-07 1.377213913803106548e-06
3.121663456858390553e-08 4.708207225406164378e-08 8.369478515445931366e-08 1.692874092523337359e-07 5.118855458548869535e-07 1.338412464966030141e-06
3.082271371444212402e-08 4.669091374399922401e-08 8.215275730422057813e-08 1.662155853949923886e-07 4.928742793443223372e-07 1.300676034930742868e-06
3.043472422265499035e-08 4.630490468153368693e-08 8.064964947664708657e-08 1.632671097252181220e-07 4.745942339609776385e-07 1.263955591018106856e-06
3.005255033926218577e-08 4.592381431146085888e-08 7.918524697909330779e-08 1.604370366796352494e-07 4.570298005987831805e-07 1.228236798339233966e-06
2.967608012791043829e-08 4.554743450229649692e-08 7.775915090899540897e-08 1.577202116411480467e-07 4.401605576051794190e-07 1.193470083596101649e-06
2.930520390794591732e-08 4.517556943246931270e-08 7.637044232414024244e-08 1.551123563705491349e-07 4.239710525966882918e-07 1.159645655271257007e-06
2.893981464120830528e-08 4.480803145916122799e-08 7.501825622480154433e-08 1.526075130068937821e-07 4.084491466785443897e-07 1.126745138144613081e-06
2.857980884169157419e-08 4.444464037798394259e-08 7.370184949750960780e-08 1.501984339417259518e-07 3.935747509186759156e-07 1.094715708473322534e-06
2.822508553654625435e-08 4.408522335221238877e-08 7.242060988263439869e-08 1.478776780243751125e-07 3.793290207134158172e-07 1.063509569327707039e-06
2.787554565553500217e-08 4.372961677431011814e-08 7.117395453724479935e-08 1.456383872884036520e-07 3.656896738989975377e-07 1.033103828538637379e-06
2.753109324167889153e-08 4.337766243993811760e-08 6.996154781998714480e-08 1.434747561404643150e-07 3.526312196734256864e-07 1.003496728347776689e-06
2.719163512113374737e-08 4.302920903583483873e-08 6.878286546671915207e-08 1.413801709381608486e-07 3.401316105472510261e-07 9.746710880604414203e-07
2.685707932474192571e-08 4.268411312748468546e-08 6.763714271505095781e-08 1.393486351357827286e-07 3.281689653342788634e-07 9.466044524756891726e-07
2.652733646944140671e-08 4.234223725231194658e-08 6.652366621728074610e-08 1.373751727899521773e-07 3.167209916860103840e-07 9.192660454250667544e-07
2.620232000546219261e-08 4.200346243375031644e-08 6.544179484277715442e-08 1.354555146998202913e-07 3.057652670852042628e-07 8.926212734352950165e-07
2.588194427019364201e-08 4.166768970945012323e-08 6.439096672445847173e-08 1.335847274533586657e-07 2.952776796570021435e-07 8.666270635791572015e-07
2.556612565103531575e-08 4.133482449423750039e-08 6.337063881335084346e-08 1.317585181542385131e-07 2.852352827863020250e-07 8.412291487451382214e-07
2.525478355715114165e-08 4.100479122765390703e-08 6.238017723478837468e-08 1.299740714809734605e-07 2.756200133692582660e-07 8.163961558559308762e-07
2.494783828664256756e-08 4.067752994330996858e-08 6.141885737972763602e-08 1.282295880063782029e-07 2.664172621371123930e-07 7.921264712517488823e-07
2.464521172434405081e-08 4.035298382876000670e-08 6.048595908280382329e-08 1.265225553591130658e-07 2.576158279004404424e-07 7.684228373450136345e-07
2.434682879161986093e-08 4.003109849637346439e-08 5.958067043596008574e-08 1.248496216084736198e-07 2.492062306173326224e-07 7.452612329026676197e-07
2.405261548682874544e-08 3.971182297402147800e-08 5.870218356224366266e-08 1.232070163440025308e-07 2.411804208775539080e-07 7.226435111019040409e-07
2.376249897939752651e-08 3.939510704482197337e-08 5.784974791347705114e-08 1.215907615139908155e-07 2.335303477139471989e-07 7.005696340116461488e-07
2.347640912018538173e-08 3.908090224112764136e-08 5.702266112033018368e-08 1.199970017752246334e-07 2.262473553869669671e-07 6.790379458344861470e-07
2.319427716508654744e-08 3.876916343858514041e-08 5.622027949612303550e-08 1.184227039039507115e-07 2.193232266328587976e-07 6.580488579356598864e-07
2.291603572090622698e-08 3.845984771980967307e-08 5.544200692974569107e-08 1.168654733135547389e-07 2.127509087351582195e-07 6.376090384005719469e-07
2.264162015889311707e-08 3.815291371458210715e-08 5.468730523048716087e-08 1.153222233507481182e-07 2.065210870302766350e-07 6.177116778129521918e-07
2.237096705602939810e-08 3.784832072242670323e-08 5.395568846964827353e-08 1.137903837726253263e-07 2.006241422264134381e-07 5.983500948151381115e-07
2.210401429144479206e-08 3.754602959113617113e-08 5.324652860476640550e-08 1.122708192760982558e-07 1.950466366939447280e-07 5.795170760309639494e-07
2.184070145965859936e-08 3.724600310178467936e-08 5.255922969751329302e-08 1.107676394844914807e-07 1.897768238138475851e-07 5.612052314581818719e-07
2.158096973954952515e-08 3.694820661587416247e-08 5.189323382387429060e-08 1.092774444339404340e-07 1.848085715730665226e-07 5.433986972069143667e-07
2.132476207428508158e-08 3.665260641192677081e-08 5.124801425263033719e-08 1.077966157025664112e-07 1.801367212545060448e-07 5.260759719080946054e-07
2.106932597549332807e-08 3.635917100564561996e-08 5.062301761003814285e-08 1.063221538123628728e-07 1.757468715507999034e-07 5.092210743245573311e-07
2.081533928735919337e-08 3.606786963281969500e-08 5.001775744914607951e-08 1.048532770928962125e-07 1.716267074937315359e-07 4.928217242160908058e-07
2.056274071071426397e-08 3.577867292114684813e-08 4.943172992400262454e-08 1.033899721330626216e-07 1.677613883149860565e-07 4.768669294153455025e-07
2.031067318459694151e-08 3.549155220762290342e-08 4.886441585619231482e-08 1.019324673497547030e-07 1.641327710738150513e-07 4.613578910656374526e-07
2.005917496638516068e-08 3.520648065711522193e-08 4.831529457679703867e-08 1.004811680479700025e-07 1.607239262727833872e-07 4.463000889375991073e-07
1.980692544826258670e-08 3.492343121472325863e-08 4.778381497266910240e-08 9.903648959949336654e-08 1.575198659900144219e-07 4.317006331552905746e-07
1.955295072114662979e-08 3.464237917950275084e-08 4.726943926550568903e-08 9.759884017433580630e-08 1.545037792501292634e-07 4.175626362039111860e-07
1.929785571017148975e-08 3.436330103884994836e-08 4.677162866862832423e-08 9.616861637938754179e-08 1.516592284307330106e-07 4.038905673551096603e-07
1.903969184818765618e-08 3.408617408721075131e-08 4.628979256589220302e-08 9.474625026555496735e-08 1.489693183050794077e-07 3.906833450603570921e-07
1.877731705634466652e-08 3.381097615555068200e-08 4.582329371653899535e-08 9.333233071602855278e-08 1.464164967025738917e-07 3.779222158842634598e-07
1.851184903567544495e-08 3.353768555478355286e-08 4.537143948876423624e-08 9.192750700259164226e-08 1.439860950279462410e-07 3.655800629833403298e-07
1.824111124828117253e-08 3.326628184407580482e-08 4.493352598455758186e-08 9.053236383891277280e-08 1.416696525750648877e-07 3.536519494668757423e-07
1.796356989973510844e-08 3.299674481088065336e-08 4.450881214340886992e-08 8.914733257395230183e-08 1.394621817125017514e-07 3.421438332115480132e-07
1.768132372271186855e-08 3.272905471759234891e-08 4.409643142927352662e-08 8.777421649953257699e-08 1.373611691567057399e-07 3.310519353971544470e-07
1.739396163395466014e-08 3.246319222156528941e-08 4.369589521471525457e-08 8.641331546936317623e-08 1.353617421742337063e-07 3.203478462853513724e-07
1.710029093522741472e-08 3.219913896854585235e-08 4.330671579079274261e-08 8.506453678874765595e-08 1.334599143542568769e-07 3.100227808780222751e-07
1.680245601656181712e-08 3.193687742385151540e-08 4.292838256916158695e-08 8.372744357263103706e-08 1.316508793947310945e-07 3.000714900781258901e-07
1.650139601233030543e-08 3.167639046505012916e-08 4.256036262713536722e-08 8.240220796907029986e-08 1.299281753365828055e-07 2.904860784709338707e-07
1.619531905309806971e-08 3.141766166030381765e-08 4.220213902724247642e-08 8.108969538889185677e-08 1.282855507697854981e-07 2.812590718677108052e-07
1.588660499962004789e-08 3.116067475579801492e-08 4.185319683806730921e-08 7.979127708474885109e-08 1.267168698990435863e-07 2.723848006145732278e-07
1.557736563187397408e-08 3.090541510925427445e-08 4.151305539058151344e-08 7.850835950512580441e-08 1.252152351525766854e-07 2.638571196862226964e-07
1.526721978109168773e-08 3.065186770006031929e-08 4.118132619986246771e-08 7.724246260728726562e-08 1.237740094696468011e-07 2.556721883702853317e-07
1.495512616109255513e-08 3.040001740206736572e-08 4.085765700539237800e-08 7.599484014731414560e-08 1.223868205538066629e-07 2.478245421042843839e-07
1.464286194722453177e-08 3.014984946359251089e-08 4.054175724398208854e-08 7.476638718574436960e-08 1.210466603496796813e-07 2.403061108958051407e-07
1.433161977212928262e-08 2.990135036233395037e-08 4.023340164876539670e-08 7.355766161238882363e-08 1.197462207588763750e-07 2.331057670823673084e-07
1.402118551447269927e-08 2.965450652757294046e-08 3.993236900429949126e-08 7.236957065821499054e-08 1.184804665188620185e-07 2.262085429043295021e-07
1.371214303195698465e-08 2.940930522470339845e-08 3.963844608210339050e-08 7.120271060755801820e-08 1.172448358121554382e-07 2.196025104463689796e-07
1.340588250887770600e-08 2.916573525057076162e-08 3.935141424162217578e-08 7.005777937641932096e-08 1.160371729420476478e-07 2.132839979280345045e-07
1.310305040635399561e-08 2.892378488869485379e-08 3.907102701003789457e-08 6.893512189468743485e-08 1.148564718124797941e-07 2.072386868632814938e-07
1.280283650566626633e-08 2.868344223962960921e-08 3.879702178810285672e-08 6.783467991003881659e-08 1.136998116108065177e-07 2.014541658921961764e-07
1.250549757098270258e-08 2.844469540798879103e-08 3.852911002558610166e-08 6.675645661968958756e-08 1.125654040223268212e-07 1.959215288724133969e-07
1.221149233676585622e-08 2.820753297906313910e-08 3.826700181966558219e-08 6.570076938206995672e-08 1.114514899577077911e-07 1.906325773811048834e-07
1.192083343794255252e-08 2.797194384995791643e-08 3.801038750853466791e-08 6.466723681910359928e-08 1.103554299563816373e-07 1.855791029869099000e-07
1.163322332955366184e-08 2.773791640686630031e-08 3.775888446644789874e-08 6.365526085336692735e-08 1.092747642095633048e-07 1.807557684769015850e-07
1.134845458041065192e-08 2.750543906265047243e-08 3.751228997265277215e-08 6.266431321573757942e-08 1.082072942458076959e-07 1.761578818567854728e-07
1.106703809275055074e-08 2.727450385650355459e-08 3.727040089284239884e-08 6.169402454424347488e-08 1.071506790364677244e-07 1.717801158594311147e-07
1.078907431954092475e-08 2.704510771475840220e-08 3.703300477435294716e-08 6.074432035748207683e-08 1.061022419388758762e-07 1.676171627129730857e-07
1.051417211530413933e-08 2.681724850953053612e-08 3.679987136513881786e-08 5.981514245636526715e-08 1.050593657406027696e-07 1.636630613520224566e-07
1.024221792458629263e-08 2.659092779707948317e-08 3.657078005357675270e-08 5.890649894122361793e-08 1.040192672616165704e-07 1.599099608428316583e-07
9.973596164315915583e-09 2.636614974101088592e-08 3.634550363782084225e-08 5.801832385222220611e-08 1.029793179065362941e-07 1.563459152047972657e-07
9.708013987915264613e-09 2.614291765518150134e-08 3.612382335418245234e-08 5.715058688542463659e-08 1.019377523058631039e-07 1.529569349311302262e-07
9.445594500054845837e-09 2.592123443102872888e-08 3.590555128022257638e-08 5.630311192807551477e-08 1.008938521427060157e-07 1.497341363868198031e-07
9.186442149446078331e-09 2.570110242855247401e-08 3.569052863362382356e-08 5.547573479689878218e-08 9.984709173350691455e-08 1.466732530008953110e-07
8.930088389066319663e-09 2.548252336080551663e-08 3.547860428786972141e-08 5.466825370309538268e-08 9.879744014731202866e-08 1.437692507946508966e-07
8.676765476861806354e-09 2.526549896387045335e-08 3.526966508424605568e-08 5.388043451063470835e-08 9.774464062931434852e-08 1.410107710710833037e-07
8.426390015751921714e-09 2.505003056346249181e-08 3.506361698810814961e-08 5.311199797031785994e-08 9.668871087700632642e-08 1.383895220172799191e-07
8.178921621649243769e-09 2.483611938075223492e-08 3.486036498423254425e-08 5.236267561262086330e-08 9.562982655227545490e-08 1.358982600740120785e-07
7.934031049637904246e-09 2.462376641656399827e-08 3.465982048481447739e-08 5.163207489027529523e-08 9.456812442278048471e-08 1.335299148707064438e-07
7.691546204894261840e-09 2.441297178713398237e-08 3.446189366595709272e-08 5.091983848398847514e-08 9.350399615236046176e-08 1.312767748851070970e-07
7.451479538220939660e-09 2.420373616180939355e-08 3.426649871239712366e-08 5.022545640251032903e-08 9.243789262477857158e-08 1.291322892337955565e-07
7.213848836435085719e-09 2.399606061394528382e-08 3.407353989227793992e-08 4.954838265804008150e-08 9.137026311966570927e-08 1.270905130382038229e-07
