1.455111668796917890e-01 2.563864386747541357e-01 3.066571782143512892e-01 3.584910797873882560e-01 3.886407931171285135e-01 4.200530051797486397e-01
3.461442390525723556e-02 6.222134457370077920e-02 7.441957205377307261e-02 8.724859864763383210e-02 9.467721713603223510e-02 1.020321232197603373e-01
1.455745473193863389e-02 2.677565007854054366e-02 3.204773433160421764e-02 3.767012793665112935e-02 4.092589307371990309e-02 4.398027552545485941e-02
7.748003385581248188e-03 1.462952276647677338e-02 1.753173117570744691e-02 2.065595458438794843e-02 2.247304936967391836e-02 2.408698580754865121e-02
4.703458257943176138e-03 9.126760586333451664e-03 1.095198770617413636e-02 1.293157063238516667e-02 1.409118452806391864e-02 1.506859759162522926e-02
3.107900150228783218e-03 6.197615161310766028e-03 7.446015482487439163e-03 8.809472313523575640e-03 9.616186565616599222e-03 1.026292884224160561e-02
2.177669290907602827e-03 4.461509175632102399e-03 5.370858672643494779e-03 6.364241364217742419e-03 6.959792361492333698e-03 7.415427274254504132e-03
1.594883119399983454e-03 3.342906537712634057e-03 4.055877889394708322e-03 4.800595172073638707e-03 5.259810684937670996e-03 5.596723391125489264e-03
1.214295583940334456e-03 2.577245740726552287e-03 3.178684331899907928e-03 3.742945217863280927e-03 4.109051419058091896e-03 4.367809473578608895e-03
9.577791384949276227e-04 2.034107953355294724e-03 2.563605034894217340e-03 2.995913199152361924e-03 3.295385065026136453e-03 3.500299798177866802e-03
7.767204080439287818e-04 1.636172807376261524e-03 2.114680535141407608e-03 2.449533382585327834e-03 2.699675482551074958e-03 2.866258010304995139e-03
6.425200553687104247e-04 1.336133758020435032e-03 1.776592164451394141e-03 2.038366291776089623e-03 2.250809577365221054e-03 2.389322009830344585e-03
5.394773720737667741e-04 1.108481526411036425e-03 1.511890625015365527e-03 1.721555231108262999e-03 1.904468067248449087e-03 2.021893025598262093e-03
4.586718371733846658e-04 9.344485082525159697e-04 1.298457779813570962e-03 1.472483819132819208e-03 1.631790974794245039e-03 1.733049593979813863e-03
3.942601553433598758e-04 7.979149489494851170e-04 1.125606903803231824e-03 1.273174526154407550e-03 1.413389188999334984e-03 1.502013285629995960e-03
3.422630505697305176e-04 6.883157260386405570e-04 9.846291232181274278e-04 1.111266047694213022e-03 1.235834057956373315e-03 1.314365781656942796e-03
2.998154194499169536e-04 5.991777578077859233e-04 8.677104429360484603e-04 9.779848948725559325e-04 1.089580291829193338e-03 1.159928801645938607e-03
2.647851106075354666e-04 5.256314680993654041e-04 7.699536849548586524e-04 8.669707504864419823e-04 9.677166177233620208e-04 1.031334770197386190e-03
2.355604272912389051e-04 4.640008477038360573e-04 6.878949931271155765e-04 7.735257949221487810e-04 8.651072602856110403e-04 9.230993537989984864e-04
2.109450794525607217e-04 4.118766758123277964e-04 6.184392547009822348e-04 6.941549194512908151e-04 7.779077531980914525e-04 8.311902318400395595e-04
1.900363694131645357e-04 3.674538204654434221e-04 5.591083736927036267e-04 6.262060391792629438e-04 7.032061094668263937e-04 7.524246920071873566e-04
1.721397598677882929e-04 3.293556714893890289e-04 5.080544801723695016e-04 5.675998719606385788e-04 6.387328797463932839e-04 6.844162205612032814e-04
1.567109750954904721e-04 2.964814591538949412e-04 4.638005442634442069e-04 5.167440644076984379e-04 5.827161539534864024e-04 6.253330518166408739e-04
1.433209589351737022e-04 2.679349047513926202e-04 4.250866487910690212e-04 4.723689333521270055e-04 5.337358102588525511e-04 5.736377481005052598e-04
1.316290743716618742e-04 2.430227963902866894e-04 3.908780211853499632e-04 4.334056895607319619e-04 4.906703126182413149e-04 5.281433752241471245e-04
1.213631190117980937e-04 2.212150102322651241e-04 3.606530139936600762e-04 3.989953656316460240e-04 4.526184362492394328e-04 4.878919707282537558e-04
1.123028081470548741e-04 2.020338109306336059e-04 3.337557803538957380e-04 3.684849898047152183e-04 4.188316820555382301e-04 4.520853520017182659e-04
1.042679179793795056e-04 1.850446503439705562e-04 3.096575059187217584e-04 3.413466800325800732e-04 3.886951514745603706e-04 4.201156370719026493e-04
9.710962161859081109e-05 1.699183028507152311e-04 2.879501635206291993e-04 3.171682343118828267e-04 3.617023983440658904e-04 3.914424923133672483e-04
9.070484706204991481e-05 1.564006650159896299e-04 2.683879238786440833e-04 2.955080885189800594e-04 3.374336880616716507e-04 3.656306502628549901e-04
8.495141513821305164e-05 1.442806130638400850e-04 2.507691340552697847e-04 2.760769068640985088e-04 3.155349763945146293e-04 3.423131402543041699e-04
7.976398026209620136e-05 1.333657710366182409e-04 2.348327267846795350e-04 2.584846740515589947e-04 2.957092199367667264e-04 3.211774462258709423e-04
7.507032801874705000e-05 1.234941170449242428e-04 2.204066845844908785e-04 2.424873748156208396e-04 2.777060252444570380e-04 3.019400776523221259e-04
7.080903025641004068e-05 1.145445472410471616e-04 2.072437475679996856e-04 2.278996636518772895e-04 2.613110100512032160e-04 2.843896515462037257e-04
6.692784206240795237e-05 1.064252173665230404e-04 1.949718178287051487e-04 2.148947395330502285e-04 2.463354916897277569e-04 2.683312705339236759e-04
6.338223868161353333e-05 9.907236031158593592e-05 1.829770995422954607e-04 2.038709168668517398e-04 2.326126141817232357e-04 2.536053261370463060e-04
6.013415235873466167e-05 9.241244991909756555e-05 1.709681262757009894e-04 1.944623068256802695e-04 2.199984468226046357e-04 2.400621368933587158e-04
5.715068360944766115e-05 8.636557362246390437e-05 1.598236308079586747e-04 1.864594940301879725e-04 2.083695096068648416e-04 2.275858121601682840e-04
5.440325170529956860e-05 8.086172663779540913e-05 1.495386138981005710e-04 1.794255726889112511e-04 1.976151666648200177e-04 2.160635569149987173e-04
5.186700763752160671e-05 7.583801581324299611e-05 1.400441447963650594e-04 1.729640646184383733e-04 1.876397310352918412e-04 2.054047867125333756e-04
4.952046132334121539e-05 7.124945517158248125e-05 1.314746388748053759e-04 1.663175923374588135e-04 1.783657413519826145e-04 1.955223239215925137e-04
4.734478721984104418e-05 6.706463097345114789e-05 1.239656971863844397e-04 1.594300690506356350e-04 1.697318434065041195e-04 1.863437436145691192e-04
4.532348625430142444e-05 6.323966332291955004e-05 1.173244171361541267e-04 1.525642349507540273e-04 1.616815003717792204e-04 1.778027213558921365e-04
4.344181771724975392e-05 5.968328932669554745e-05 1.112278357430841779e-04 1.460610399326232444e-04 1.541680187715471339e-04 1.698438063552480963e-04
4.168668429992117129e-05 5.630243077135209867e-05 1.057336174620803387e-04 1.401051688179505731e-04 1.471526954313588241e-04 1.624143429366813789e-04
4.004661892985536770e-05 5.309270505593178212e-05 1.008014775055199194e-04 1.344629818106584502e-04 1.405992074595501494e-04 1.554670903225494961e-04
3.851145347471779612e-05 5.010080032055709792e-05 9.623243512774578841e-05 1.291788211233792813e-04 1.344771339732425274e-04 1.489641508400366880e-04
3.707213488431301536e-05 4.735038903385247448e-05 9.192081034635078609e-05 1.241257949110364037e-04 1.287418664064572725e-04 1.428717848257235966e-04
3.572045848524378592e-05 4.482845274298321827e-05 8.783512156808036546e-05 1.193333290411826241e-04 1.233463901105569846e-04 1.371537676209213282e-04
3.444899762079357781e-05 4.252628504644762633e-05 8.393400947576011497e-05 1.148590196671300318e-04 1.182736703791317204e-04 1.317781673944692824e-04
3.325118599976301993e-05 4.046717229129064052e-05 8.016465543393840629e-05 1.100861832661052971e-04 1.135108343960540566e-04 1.267155424229433761e-04
3.212120346198351430e-05 3.866110852476315878e-05 7.647598708468494671e-05 1.051477234162892353e-04 1.090490832764142397e-04 1.219417316325204539e-04
3.105388872256648172e-05 3.707257685695811589e-05 7.289062858632485223e-05 1.016408764121247399e-04 1.048928217632077450e-04 1.174355916575246664e-04
3.004453866213783252e-05 3.563546579217487080e-05 6.946862834106839145e-05 9.855816588645180604e-05 1.010108457345067293e-04 1.131715537165429043e-04
2.908878536510806724e-05 3.430065870477396725e-05 6.624649588000954220e-05 9.548675735439859631e-05 9.737218553784772880e-05 1.091274708654496725e-04
2.818262182020527348e-05 3.304212505244902043e-05 6.322012131033149834e-05 9.213821551131944738e-05 9.394155832755061585e-05 1.052831833073521547e-04
2.732247139760249203e-05 3.185224804665271571e-05 6.036645986336481310e-05 8.880133557632805669e-05 9.067989729265741585e-05 1.016255648084750585e-04
2.650511661612980934e-05 3.072655078244915981e-05 5.768079997153907471e-05 8.611150793017668113e-05 8.758190056852844217e-05 9.813780185343523924e-05
2.572769243886261249e-05 2.966147350289359807e-05 5.516517255535209174e-05 8.334816360946353093e-05 8.466880558758655751e-05 9.480666766208077352e-05
2.498754574323966507e-05 2.865440356402203413e-05 5.280151944293663978e-05 8.054271499754606242e-05 8.202531680680947960e-05 9.162739179299818630e-05
2.428217457700165404e-05 2.770336954342292007e-05 5.055468424912589002e-05 7.758264863349015718e-05 7.991359170924960996e-05 8.859260136224996276e-05
2.360922781165863019e-05 2.680598849963045888e-05 4.842383563884222807e-05 7.433201451223313662e-05 7.837871754091863712e-05 8.569543186077851419e-05
2.296657416739582828e-05 2.595912588982134708e-05 4.640416644542734470e-05 7.098240873366051644e-05 7.722723550940928101e-05 8.293014109374520157e-05
2.235227104656726269e-05 2.515901302659727474e-05 4.448359445583014940e-05 6.775941556841014114e-05 7.631832068481307879e-05 8.029278252157359057e-05
2.176456201085685599e-05 2.440209319684995436e-05 4.265526722468307978e-05 6.476445436278051879e-05 7.549362907481048965e-05 7.778296761850994319e-05
2.120184876322308475e-05 2.368527437352226542e-05 4.091509649139868983e-05 6.205044171077779439e-05 7.452130597385990996e-05 7.539577336870249846e-05
2.066262049120481348e-05 2.300578150813860622e-05 3.924667003916418388e-05 5.965055168019738101e-05 7.328051964323965546e-05 7.312169327317288490e-05
2.014544735841697094e-05 2.236108357423850754e-05 3.764776934782211034e-05 5.752192157463483543e-05 7.181863994783435775e-05 7.093816448240204090e-05
1.964898255682643403e-05 2.174881884377114885e-05 3.612665866282337894e-05 5.560178364129006093e-05 7.026035360417206090e-05 6.882928821589422651e-05
1.917200846381558800e-05 2.116678561775347579e-05 3.467803944368418821e-05 5.380580112348684813e-05 6.871831899680961415e-05 6.681556118054192623e-05
1.871340152862147388e-05 2.061293859587412695e-05 3.330242442772831496e-05 5.212999382577546771e-05 6.717858748302380292e-05 6.493127689047499085e-05
1.827214797999969075e-05 2.008539479907887432e-05 3.200342435214151835e-05 5.058457094346339425e-05 6.557002785218030334e-05 6.316939449989860029e-05
1.784730827390923485e-05 1.958241437574199161e-05 3.077568798185400433e-05 4.910871634381800863e-05 6.395081145822458489e-05 6.151477591728994013e-05
1.743797901376489590e-05 1.910241392219346122e-05 2.961603545785663073e-05 4.765610233941897496e-05 6.237553260874710245e-05 5.994911568711661597e-05
1.704328893717002995e-05 1.864393411211130139e-05 2.852178255105278725e-05 4.623064991498770861e-05 6.084689421050955310e-05 5.844398397499628642e-05
1.666239834390521177e-05 1.820563837521207989e-05 2.748522116496533463e-05 4.487202697602541058e-05 5.936936709882098008e-05 5.695021540152803028e-05
1.629453944823857484e-05 1.778627589133591566e-05 2.649681042547956820e-05 4.358267945784842783e-05 5.795746929060992015e-05 5.553640705615456920e-05
1.593900681145743890e-05 1.738468464586279100e-05 2.555434607960598540e-05 4.228656747193638602e-05 5.651747078712570196e-05 5.415914363963018657e-05
1.559515416973136580e-05 1.699979050545124667e-05 2.466571952846266180e-05 4.101086143374494259e-05 5.502482616302719118e-05 5.283518654721795158e-05
1.526239509698543620e-05 1.663060716035288684e-05 2.382587667395302260e-05 3.979607505819427544e-05 5.364210251105581566e-05 5.162214009074988792e-05
1.494017428607743979e-05 1.627622276186556856e-05 2.301138421465858690e-05 3.864447975015714021e-05 5.225494468813187749e-05 5.058910472563967245e-05
1.462795755261100693e-05 1.593578208250683823e-05 2.219455654973797820e-05 3.757571817948656204e-05 5.072885110352144699e-05 4.997871538143981799e-05
1.432522140338989552e-05 1.560848930033060996e-05 2.135771014039244606e-05 3.659839713044025860e-05 4.904617365565519483e-05 4.988634276008661303e-05
1.403145130576667674e-05 1.529360007378179293e-05 2.053220865672129828e-05 3.568993325022565082e-05 4.723037336800394050e-05 5.013225962279996387e-05
1.374617507645156639e-05 1.499043133071987003e-05 1.975893027882310064e-05 3.482558400659699447e-05 4.533665501924939229e-05 5.014243160065369665e-05
1.346896360628357947e-05 1.469835355076716962e-05 1.903419892055831681e-05 3.398652296124275409e-05 4.357982804035827627e-05 4.964842978277301958e-05
1.319942849045361410e-05 1.441677127044887489e-05 1.836301857004100276e-05 3.316244560840766824e-05 4.204825656169627348e-05 4.918749288793461080e-05
1.293723114489961579e-05 1.414512606786770236e-05 1.775781266594150861e-05 3.233121071047030470e-05 4.070716131365114581e-05 4.860112827506239729e-05
1.268205362897010007e-05 1.388288890841705837e-05 1.722246581729285216e-05 3.146283796922771009e-05 3.952138042450299872e-05 4.804728343557405207e-05
1.243359479018554321e-05 1.362957644789061250e-05 1.675729102998674004e-05 3.056984374837951209e-05 3.843998007728940155e-05 4.747877940223235786e-05
1.219157085003440332e-05 1.338473991612471067e-05 1.634592933970119958e-05 2.965846685418073071e-05 3.740178416014002308e-05 4.678652521213558501e-05
1.195571506941250766e-05 1.314796619718127462e-05 1.596917616342952910e-05 2.873297358114144836e-05 3.642105523639650711e-05 4.597498716672261026e-05
1.172577614099886941e-05 1.291886703014869169e-05 1.561185772925646279e-05 2.782364299139902417e-05 3.554383002754224409e-05 4.529335667159669823e-05
1.150153117704008565e-05 1.269706452680577081e-05 1.526620367816442143e-05 2.693963394444243649e-05 3.475044557127283484e-05 4.445672628187515853e-05
1.128277225456430535e-05 1.248219858407149768e-05 1.493054324081049086e-05 2.609598863422423647e-05 3.399305543905370241e-05 4.347317025121344523e-05
1.106931242639026198e-05 1.227393866110893762e-05 1.460456321076575088e-05 2.529042392033698495e-05 3.325366081905086185e-05 4.248868956391220009e-05
1.086098475497139542e-05 1.207198458572143160e-05 1.428858252194269801e-05 2.451231736365401819e-05 3.253388445872632532e-05 4.148346425229898705e-05
1.065762898571023611e-05 1.187605940951157415e-05 1.398294155619476587e-05 2.378357950026206287e-05 3.183258937487586484e-05 4.049017489359897951e-05
1.045909044635704283e-05 1.168589916683547851e-05 1.368754628770257371e-05 2.309576832933440502e-05 3.114626584900478696e-05 3.951581757825228152e-05
1.026521983137984942e-05 1.150124815206505919e-05 1.340263059741338950e-05 2.241844665421279626e-05 3.047829088683765993e-05 3.849014903111942808e-05
1.007587669805201071e-05 1.132185158911246524e-05 1.312851301345264704e-05 2.174627273493663298e-05 2.983504030596868445e-05 3.743577812667923021e-05
9.890929855451100966e-06 1.114746280646371366e-05 1.286510771665618320e-05 2.102647746638355386e-05 2.921301963169676701e-05 3.642248873374663364e-05
9.710257302456100486e-06 1.097784999660429940e-05 1.261210215494874795e-05 2.025784413022417493e-05 2.860305788933871558e-05 3.543235466324832312e-05
9.533745046043001339e-06 1.081280198431647654e-05 1.236893447357457492e-05 1.957046736456318189e-05 2.800027051370867890e-05 3.447296375192263870e-05
9.361283185264143776e-06 1.065212402781539803e-05 1.213504815352465680e-05 1.902578402442811468e-05 2.740365239534811031e-05 3.355585237396694736e-05
9.192764959967287001e-06 1.049563013147274949e-05 1.190993194097328778e-05 1.854710419567730102e-05 2.681244988058246372e-05 3.267242988590740420e-05
9.028087229955313568e-06 1.034314391563706817e-05 1.169316691392475739e-05 1.809916356209505492e-05 2.622895419351890689e-05 3.182663996313018785e-05
8.867151057567023559e-06 1.019449231617262875e-05 1.148439953206403241e-05 1.766433209630969301e-05 2.566086693999243532e-05 3.103254176070962097e-05
8.709861175704641323e-06 1.004950502631437067e-05 1.128328374094433154e-05 1.720122533394088170e-05 2.511042332550335269e-05 3.029621582096339488e-05
8.556125430387229839e-06 9.908021841753414391e-06 1.108946274136403753e-05 1.672290954885720404e-05 2.457251103251423962e-05 2.961499493539206714e-05
8.405855019367275023e-06 9.769893705088662092e-06 1.090257292720377004e-05 1.625512988636367763e-05 2.404657632186828019e-05 2.897671389780455151e-05
8.258967205673185764e-06 9.634988153932451757e-06 1.072223278337568160e-05 1.580772188681773435e-05 2.353288293532022172e-05 2.835747876479484091e-05
8.115386935756760395e-06 9.503181181622826022e-06 1.054812818573533464e-05 1.538152382797064826e-05 2.302832084643230851e-05 2.774689722954337614e-05
7.975039421753709021e-06 9.374354321728826304e-06 1.037996957217580496e-05 1.497190320956658612e-05 2.253584792993662954e-05 2.714506791627007266e-05
7.837853713047428841e-06 9.248394821747695462e-06 1.021747205813400069e-05 1.456629844234711987e-05 2.207289846230652488e-05 2.656069988174074764e-05
7.703760060774273032e-06 9.125193041833498162e-06 1.006035995853402386e-05 1.414679396179540907e-05 2.165789501643426988e-05 2.601133359075259510e-05
7.572683753497976784e-06 9.004638074261696743e-06 9.908376937557654684e-06 1.370658849972036434e-05 2.128307843298394661e-05 2.549778964380822007e-05
7.444551576808699142e-06 8.886625619543342457e-06 9.761292898336976285e-06 1.325904589208903804e-05 2.093260251927485166e-05 2.500637271629072342e-05
7.319293772047191826e-06 8.771056191109366968e-06 9.618899184016609400e-06 1.281984643422965789e-05 2.059949354989424919e-05 2.454190649839670289e-05
7.196843679258093493e-06 8.657840646781905208e-06 9.480967387944677117e-06 1.239796291804937872e-05 2.027717761805823726e-05 2.410554101150261290e-05
7.077137979511619113e-06 8.546896796699325740e-06 9.347288524830308008e-06 1.200574034201630211e-05 1.995133656051723426e-05 2.367867858233309189e-05
6.960116247556217561e-06 8.438146076505996735e-06 9.217665011048420732e-06 1.165691547052999163e-05 1.959676647879661065e-05 2.325433930368197780e-05
6.845720778506255646e-06 8.331513093162885852e-06 9.091905346601599912e-06 1.135773822707468499e-05 1.920020111691478099e-05 2.283457988579257092e-05
6.733896400618069444e-06 8.226925685982726627e-06 8.969837919712771540e-06 1.110337722546445796e-05 1.876278385409860082e-05 2.242927548266580466e-05
6.624589223397407150e-06 8.124313570031799491e-06 8.851301713154438705e-06 1.088405215997196893e-05 1.829636417516028915e-05 2.204691488302733341e-05
6.517739854221141055e-06 8.023607974505022274e-06 8.736143864806822568e-06 1.068932118572918564e-05 1.781008431119577505e-05 2.168310225813769654e-05
6.413288195065206847e-06 7.924743882110189095e-06 8.624224464264199915e-06 1.050914741475809464e-05 1.731852961397554482e-05 2.133503220200363165e-05
6.311174196644262386e-06 7.827659085691562754e-06 8.515403048821919979e-06 1.033622236984344276e-05 1.683529117535243882e-05 2.099782174398178206e-05
6.211331758652240295e-06 7.732297523589053050e-06 8.409536480201148194e-06 1.016702476360872485e-05 1.636825035978387867e-05 2.066185985806751380e-05
6.113695692940991402e-06 7.638605865721882567e-06 8.306498307684781146e-06 1.000078399190073408e-05 1.592035449634441563e-05 2.032127120057496456e-05
6.018203212550185634e-06 7.546534843598913231e-06 8.206163089923206334e-06 9.836953204869116875e-06 1.549240428807316288e-05 1.997218494596131791e-05
5.924793843618880614e-06 7.456037927743160765e-06 8.108407156965600902e-06 9.675389391715992602e-06 1.508521932311621621e-05 1.961533930030191970e-05
5.833409335720058902e-06 7.367071646487719884e-06 8.013126932772821276e-06 9.516475026720827687e-06 1.470058413210053683e-05 1.926080183326683197e-05
5.743993533014795677e-06 7.279594427835123608e-06 7.920224394799163062e-06 9.360717545587133191e-06 1.433737723721792766e-05 1.891583411633404512e-05
5.656492309827419814e-06 7.193565246159258678e-06 7.829607084248034368e-06 9.208562917718689952e-06 1.398853012886553300e-05 1.857833964317975520e-05
5.570853501884783604e-06 7.108945224264988719e-06 7.741181066068508263e-06 9.060499536478391417e-06 1.364786435192746824e-05 1.825212519065158456e-05
5.487026773826092354e-06 7.025695882906514582e-06 7.654852556550674356e-06 8.916974455653439022e-06 1.331173920498959651e-05 1.793951280596359877e-05
5.404963456180942672e-06 6.943781618097054237e-06 7.570522772306969611e-06 8.778182951309005842e-06 1.297565312808585900e-05 1.763430367952700123e-05
5.324616229241612888e-06 6.863169189391662670e-06 7.488118220319955640e-06 8.644027538056188250e-06 1.263552191467741212e-05 1.732793432599836347e-05
5.245939203377270218e-06 6.783826247943467843e-06 7.407572372914843194e-06 8.514190301318487792e-06 1.230308522927446968e-05 1.701023085004451253e-05
5.168887827624592530e-06 6.705721533010050143e-06 7.328816302738714462e-06 8.388428163589357696e-06 1.199045138111078973e-05 1.667585339289178953e-05
5.093418704303886935e-06 6.628825158414550582e-06 7.251782589651807117e-06 8.266574572230868419e-06 1.169733614951104670e-05 1.634193979150372393e-05
5.019489747024126190e-06 6.553108126600012761e-06 7.176406134572053053e-06 8.148440745192047445e-06 1.140698040766341651e-05 1.604092754216330729e-05
4.947060197311149046e-06 6.478542631087959346e-06 7.102627271887108525e-06 8.033885465409496771e-06 1.111317809471497893e-05 1.579777406751107916e-05
4.876090531814592701e-06 6.405101772737579307e-06 7.030389360494908650e-06 7.922839479838499448e-06 1.081040358199480382e-05 1.561769083178572118e-05
4.806541785322909198e-06 6.332758690071191030e-06 6.959637446595464084e-06 7.815207525645143731e-06 1.049826811566853218e-05 1.549066250050245454e-05
4.738375980408601843e-06 6.261486775667736495e-06 6.890317509397841850e-06 7.710867978442156106e-06 1.017560685710232012e-05 1.537581205768682877e-05
4.671556197122085942e-06 6.191259381669003831e-06 6.822388811120512740e-06 7.609707767572257231e-06 9.853337628679587111e-06 1.521278426854482891e-05
4.606046452094803291e-06 6.122051465453637625e-06 6.755809671409201412e-06 7.511578035261618248e-06 9.547749879248860257e-06 1.498771486312633487e-05
4.541811320010480187e-06 6.053838911297783510e-06 6.690537851340168347e-06 7.416328931741122129e-06 9.277758674214972877e-06 1.473428207025733716e-05
4.478816318265589203e-06 5.986598414395700715e-06 6.626532832700926205e-06 7.323830472135706194e-06 9.049369048037422421e-06 1.446067816693154406e-05
4.417027320150763626e-06 5.920307398279222542e-06 6.563754997920063986e-06 7.233968551667193938e-06 8.859305084046808999e-06 1.415127254770478984e-05
4.356411178819457805e-06 5.854944112724822587e-06 6.502164413497855214e-06 7.146604202840111946e-06 8.700422049118563858e-06 1.382394246175459506e-05
4.296935196153326177e-06 5.790487464292749122e-06 6.441722908979561596e-06 7.061662140424874233e-06 8.564023613075595655e-06 1.350464141206839635e-05
4.238567724301949225e-06 5.726916931628766821e-06 6.382389498083577479e-06 6.979076664895594899e-06 8.440873881373623224e-06 1.319320327189282340e-05
4.181278294640614753e-06 5.664212893121875323e-06 6.324122193521864279e-06 6.898729744537754979e-06 8.323657231394444606e-06 1.288539479139126036e-05
4.125037529435842048e-06 5.602357250813175840e-06 6.266892774352018767e-06 6.820537632157952474e-06 8.209395510226236289e-06 1.259073428988606484e-05
4.069817739442892836e-06 5.541332387694368446e-06 6.210671123597929091e-06 6.744448438229090983e-06 8.097139573251699470e-06 1.231677586408112720e-05
4.015591927037467843e-06 5.481121201452013267e-06 6.155424159796277506e-06 6.670408267345961435e-06 7.986305102651320231e-06 1.204433286483765611e-05
3.962335024080530121e-06 5.421707396396501468e-06 6.101119354031187357e-06 6.598337039686400132e-06 7.876393977682772244e-06 1.176467686330001719e-05
3.910022818436350949e-06 5.363075136215690974e-06 6.047728884584936270e-06 6.528153905820943907e-06 7.767114285568849300e-06 1.148141510846894121e-05
3.858631886595222376e-06 5.305209069600605878e-06 5.995226173899251442e-06 6.459783164003178796e-06 7.658521829618195894e-06 1.120011195944268949e-05
3.808140203197418658e-06 5.248094147146237526e-06 5.943584802016094338e-06 6.393101254540309964e-06 7.550944982399042201e-06 1.092010366591284308e-05
3.758526518706975145e-06 5.191715774863822444e-06 5.892780936511120880e-06 6.328029792881590925e-06 7.444707790458675694e-06 1.064296585529585073e-05
3.709770753806893469e-06 5.136059808040463339e-06 5.842786813812461837e-06 6.264538115671888765e-06 7.340286450671745010e-06 1.037207726841164647e-05
3.661853570001979903e-06 5.081112428949467310e-06 5.793577691855651048e-06 6.202592825964208348e-06 7.238163720281579274e-06 1.011145879335470564e-05
3.614755708482978556e-06 5.026860102204003228e-06 5.745136149515162056e-06 6.142142139800772770e-06 7.138809275474138579e-06 9.858729688577819893e-06
3.568458803783089972e-06 4.973289643024365017e-06 5.697442795440577613e-06 6.083138859875739607e-06 7.042411903992014696e-06 9.612727464042030605e-06
3.522944807471836090e-06 4.920388895103350293e-06 5.650476923575778884e-06 6.025533369481663991e-06 6.948897976734169132e-06 9.374049248603967823e-06
3.478196047350080581e-06 4.868147064221711373e-06 5.604216714866789908e-06 5.969273830231071334e-06 6.858105661285820815e-06 9.144117727615476876e-06
3.434195129512055232e-06 4.816554063099470138e-06 5.558641293556023974e-06 5.914311005979048396e-06 6.769868208068858751e-06 8.924989604275998143e-06
3.390925079656390005e-06 4.765601376299623154e-06 5.513730826250021308e-06 5.860578172377924362e-06 6.684057529874719571e-06 8.717151090311294327e-06
3.348368920434501550e-06 4.715280935598923833e-06 5.469465454246984795e-06 5.807993958712479667e-06 6.600552641244724341e-06 8.520173133379252249e-06
3.306510122336110401e-06 4.665584751952584385e-06 5.425824924639324366e-06 5.756526712070144686e-06 6.519268163184266317e-06 8.333067990795517277e-06
3.265332232650063827e-06 4.616504828845401472e-06 5.382789314043657283e-06 5.706158358924310757e-06 6.440165259357316671e-06 8.155472851533540100e-06
3.224819025476712159e-06 4.568033272356044079e-06 5.340335387670546085e-06 5.656855702437725907e-06 6.363204702753729541e-06 7.987361820093017724e-06
3.184954926201555484e-06 4.520162226404379802e-06 5.298447643099817844e-06 5.608581800630394971e-06 6.288347615147337181e-06 7.828905154467102645e-06
3.145724568201459144e-06 4.472883977668014004e-06 5.257111727285048511e-06 5.561307415178862779e-06 6.215548593741060251e-06 7.680315732730629309e-06
3.107113337768604753e-06 4.426190932088464760e-06 5.216312177631450308e-06 5.515003730088380591e-06 6.144752944130926307e-06 7.541748874870948270e-06
3.069106792029023208e-06 4.380075566391208400e-06 5.176033638339822335e-06 5.469634777971669140e-06 6.075898742689000760e-06 7.412784095070344393e-06
3.031691182655653593e-06 4.334530465908684706e-06 5.136260922529897643e-06 5.425166014469173158e-06 6.008916111569846362e-06 7.292361285484136831e-06
2.994853426151901959e-06 4.289548146301469320e-06 5.096980906266985263e-06 5.381546740003325230e-06 5.943719423001016644e-06 7.179282714765993706e-06
2.958580600482132285e-06 4.245121066092507215e-06 5.058181945154901318e-06 5.338709195908001344e-06 5.880228035024625993e-06 7.072347507850994196e-06
2.922860259892512206e-06 4.201242118389597256e-06 5.019852580296366171e-06 5.296641542580610124e-06 5.818373319124256712e-06 6.970390101226493842e-06
2.887680450781631758e-06 4.157904878307574334e-06 4.981980531945219002e-06 5.255341287160084837e-06 5.758100954472541732e-06 6.872173194188641006e-06
2.853029485922160279e-06 4.115103331934262209e-06 4.944552369235464538e-06 5.214794340372781568e-06 5.699358578939784219e-06 6.776656324371561399e-06
2.818896213784889472e-06 4.072832140772396119e-06 4.907552015654738183e-06 5.174977454859650519e-06 5.642084314160635782e-06 6.683018798095979009e-06
2.785269844401274787e-06 4.031086055656872525e-06 4.870965651867131822e-06 5.135866226555333771e-06 5.586233291180781118e-06 6.590898657570554163e-06
2.752139741836923542e-06 3.989859836298663084e-06 4.834783159448318727e-06 5.097442442912326595e-06 5.531766237476072694e-06 6.500202002767884807e-06
2.719495539798856238e-06 3.949148210470593917e-06 4.798993618057965491e-06 5.059690193267914322e-06 5.478641820983525557e-06 6.411548069694346926e-06
2.687326959684106739e-06 3.908945907569326150e-06 4.763585740963671032e-06 5.022587186765303467e-06 5.426819656701603757e-06 6.325656643909920707e-06
2.655623965526935851e-06 3.869247654209176072e-06 4.728548549150130188e-06 4.986112130308564106e-06 5.376253240010270576e-06 6.243386654820969204e-06
2.624377042492850530e-06 3.830048195283018468e-06 4.693871663289882078e-06 4.950226665910222567e-06 5.326893728228088920e-06 6.164551439541538603e-06
2.593577589159900289e-06 3.791342284679016856e-06 4.659546458045342302e-06 4.914894930587436172e-06 5.278691615002947394e-06 6.088852760308469922e-06
2.563217121127848649e-06 3.753124641578070374e-06 4.625564889386829176e-06 4.880110653561838305e-06 5.231601532104278299e-06 6.015946561146545269e-06
2.533287914059034330e-06 3.715389963839901933e-06 4.591919693838390033e-06 4.845873580570046328e-06 5.185587755627834059e-06 5.945490407066887344e-06
2.503782895432538179e-06 3.678132683845582893e-06 4.558603325204229763e-06 4.812173941896013983e-06 5.140610131189485476e-06 5.877167573323706593e-06
2.474695000180333598e-06 3.641346589826329867e-06 4.525608048489655238e-06 4.779000167957954217e-06 5.096624989866971632e-06 5.810478187385612876e-06
2.446017482071315575e-06 3.605025385919806071e-06 4.492926030844917466e-06 4.746340357201112251e-06 5.053596326307916596e-06 5.745293223483462215e-06
2.417743570376467634e-06 3.569162693276544128e-06 4.460547182236698438e-06 4.714176852234870378e-06 5.011495742132563424e-06 5.681596680405676029e-06
2.389866717669922647e-06 3.533752470882788439e-06 4.428465747403590427e-06 4.682492614391150659e-06 4.970297343560008925e-06 5.619342354181126813e-06
2.362380700353332495e-06 3.498789185430493391e-06 4.396676171868467791e-06 4.651273264316452615e-06 4.929972400672593351e-06 5.558468215905054512e-06
2.335279358367497723e-06 3.464267845372038207e-06 4.365171137862032160e-06 4.620500643914020507e-06 4.890494851011682359e-06 5.498942707799480522e-06
2.308556911660101125e-06 3.430183460828156744e-06 4.333942871641093298e-06 4.590159225633807131e-06 4.851842131921363809e-06 5.440741875874391925e-06
2.282207833249729745e-06 3.396531018668500929e-06 4.302983710109905615e-06 4.560213470284547937e-06 4.813994080841537933e-06 5.383821067913318672e-06
2.256226791791484084e-06 3.363305509471078247e-06 4.272286705000436329e-06 4.530647461884244358e-06 4.776925235281631798e-06 5.328159650044213460e-06
2.230608849131295713e-06 3.330501941009404896e-06 4.241846015645094720e-06 4.501459046408643319e-06 4.740616210047766005e-06 5.273746128989352741e-06
2.205349274247506519e-06 3.298115348692206767e-06 4.211656379877638897e-06 4.472647647130773317e-06 4.705040160705413109e-06 5.220584690335986404e-06
2.180443407830106191e-06 3.266140785670726412e-06 4.181712817846935045e-06 4.444207345926237741e-06 4.670167304548415469e-06 5.168664941619142060e-06
2.155886867664651806e-06 3.234573331582146949e-06 4.152009639784702480e-06 4.416132049327903878e-06 4.635964749608168900e-06 5.117965330311139106e-06
2.131675437552242617e-06 3.203408106651813533e-06 4.122540368531544329e-06 4.388416016542955595e-06 4.602404086125312566e-06 5.068472933615405661e-06
2.107804264197725201e-06 3.172640238050558102e-06 4.093298116822290897e-06 4.361051693429123460e-06 4.569467258068887138e-06 5.020187865654754927e-06
2.084268167336493086e-06 3.142264790667600386e-06 4.064274139458567216e-06 4.334027009271040764e-06 4.537142336991060298e-06 4.973059158811556825e-06
2.061062090590340425e-06 3.112276214395930038e-06 4.035461407786389651e-06 4.307330341450019377e-06 4.505410103636004858e-06 4.927023601600614085e-06
2.038180964075344223e-06 3.082668736195560666e-06 4.006856903983554081e-06 4.280955302113713357e-06 4.474256330081219731e-06 4.882038512644255757e-06
2.015618943110049931e-06 3.053436514122333539e-06 3.978457531351525769e-06 4.254894957601554264e-06 4.443665549989602760e-06 4.838082113445453903e-06
1.993369965032151300e-06 3.024573058543597065e-06 3.950260067231901728e-06 4.229139142171331672e-06 4.413622190306246246e-06 4.795132454819469052e-06
1.971428370735962875e-06 2.996071931125405270e-06 3.922261264897584512e-06 4.203664969939523402e-06 4.384111887326545293e-06 4.753162240483201703e-06
1.949788672862187152e-06 2.967927014748839749e-06 3.894457736190311938e-06 4.178470618550124849e-06 4.355121293438302363e-06 4.712150390360987016e-06
1.928445539941914776e-06 2.940132386342233051e-06 3.866846797017945460e-06 4.153559384358473210e-06 4.326631536189910979e-06 4.672079143999513237e-06
1.907394134068314739e-06 2.912682324416490672e-06 3.839426657999112273e-06 4.128933459386048721e-06 4.298620314220939665e-06 4.632925652883172056e-06
1.886629754836752093e-06 2.885571398463051908e-06 3.812195865977523282e-06 4.104590137345145343e-06 4.271062465537681446e-06 4.594652564455788120e-06
1.866147834939611421e-06 2.858794291973964851e-06 3.785153946484720748e-06 4.080524437936375192e-06 4.243942369243878568e-06 4.557210307631881051e-06
1.845943899846280021e-06 2.832345752401227566e-06 3.758299879974386219e-06 4.056730300160325403e-06 4.217253303426579303e-06 4.520570899686039054e-06
1.826013554970887169e-06 2.806220527308454615e-06 3.731631979169369369e-06 4.033200207267385637e-06 4.190986716365700408e-06 4.484723886664095914e-06
1.806352533017395571e-06 2.780413507316603621e-06 3.705147696500372128e-06 4.009927029468504124e-06 4.165136910791435823e-06 4.449636271146426266e-06
1.786956617737985785e-06 2.754919681911982808e-06 3.678844501660014638e-06 3.986902080923730749e-06 4.139695474216196515e-06 4.415275645812411699e-06
1.767821693646390811e-06 2.729734055248352884e-06 3.652718329033252059e-06 3.964116535096831358e-06 4.114651612109440031e-06 4.381620505324166135e-06
1.748943771888675797e-06 2.704851683976886375e-06 3.626766501554327242e-06 3.941567109139298484e-06 4.089996840214894153e-06 4.348656286061800799e-06
1.730318845180192539e-06 2.680267732315927444e-06 3.600988052221705561e-06 3.919248647305961497e-06 4.065721857109371302e-06 4.316366944313476970e-06
1.711943062469841558e-06 2.655977424843195375e-06 3.575381708221324024e-06 3.897151051762456847e-06 4.041817372079988617e-06 4.284737258002888466e-06
1.693812722459185003e-06 2.631976076975734515e-06 3.549945769880468301e-06 3.875260693538685439e-06 4.018271808581192017e-06 4.253751218800197645e-06
1.675924179079190440e-06 2.608259066022386271e-06 3.524678167960478189e-06 3.853579362074693201e-06 3.995069327290452991e-06 4.223385517452198662e-06
1.658273924838640259e-06 2.584821867149257400e-06 3.499576708308992243e-06 3.832111868571642605e-06 3.972194467191737131e-06 4.193605057389198078e-06
1.640858616767684223e-06 2.561660024970578008e-06 3.474639807355000645e-06 3.810862338525369410e-06 3.949638558124387376e-06 4.164388334620076955e-06
1.623674932739702362e-06 2.538769151764221665e-06 3.449866533523252735e-06 3.789830692637553300e-06 3.927397318007206227e-06 4.135722160698736091e-06
1.606719676070254203e-06 2.516144927904377458e-06 3.425256079079588988e-06 3.769013610425932918e-06 3.905462756763142087e-06 4.107588103070002195e-06
1.589989420853251201e-06 2.493783115978523382e-06 3.400808367901037732e-06 3.748405639607626068e-06 3.883828899220909468e-06 4.079956595900248742e-06
1.573480587841619603e-06 2.471679547224330759e-06 3.376523449887094668e-06 3.728000615609731940e-06 3.862489351229444166e-06 4.052813704523618114e-06
1.557189681950531311e-06 2.449830114261666269e-06 3.352401341095633801e-06 3.707791716664555701e-06 3.841434673689298543e-06 4.026152281987187783e-06
1.541113346480101955e-06 2.428230767585257636e-06 3.328442085840159127e-06 3.687772479749874337e-06 3.820655706074397182e-06 3.999965675061696111e-06
1.525247936513266027e-06 2.406877557089456839e-06 3.304645689544068870e-06 3.667936968785337946e-06 3.800144847607336593e-06 3.974249189990674090e-06
1.509589608286184177e-06 2.385766600197455725e-06 3.281012079791632222e-06 3.648278362238648081e-06 3.779893865361828856e-06 3.948996672941451295e-06
1.494134655144654855e-06 2.364894079337896500e-06 3.257541160444097215e-06 3.628791109579933949e-06 3.759892671870842601e-06 3.924202377187344306e-06
1.478879475703439812e-06 2.344256307702737232e-06 3.234232892203118692e-06 3.609471697317355772e-06 3.740131615346153993e-06 3.899854977446965918e-06
1.463820581519707525e-06 2.323849726848116149e-06 3.211087042932193064e-06 3.590307767423164180e-06 3.720598340214906993e-06 3.875929645543102585e-06
1.448954704450729768e-06 2.303670852771454528e-06 3.188103290882198251e-06 3.571284200875085702e-06 3.701284486627087589e-06 3.852403972061020427e-06
1.434278679162741527e-06 2.283716334436945341e-06 3.165281364161110487e-06 3.552402757733864914e-06 3.682186891464449411e-06 3.829267564031039934e-06
1.419789448320567659e-06 2.263982940772954197e-06 3.142620965316861386e-06 3.533668530562941192e-06 3.663303310755745748e-06 3.806516009794228751e-06
1.405284102007997313e-06 2.244467498489781883e-06 3.120122204361246493e-06 3.515086663947128978e-06 3.644627593883269701e-06 3.784128214709636551e-06
1.390813725253422951e-06 2.225166894034421164e-06 3.097784579578770707e-06 3.496656790079381890e-06 3.626155773572641791e-06 3.762085527593945922e-06
1.376374718496509165e-06 2.206078068333720815e-06 3.075607560320079920e-06 3.478376281735141012e-06 3.607882923416118699e-06 3.740381721588919015e-06
1.361904368794484719e-06 2.187198025001315369e-06 3.053590590752945624e-06 3.460241721527189882e-06 3.589803387221056993e-06 3.719012677795359302e-06
1.347406256919849237e-06 2.168523771412296264e-06 3.031733167085848328e-06 3.442248962598490819e-06 3.571912437814325365e-06 3.697974206576186780e-06
1.332783077404628160e-06 2.150052362011285607e-06 3.010034732147988700e-06 3.424394112969405082e-06 3.554205664956819430e-06 3.677264396624635499e-06
1.317962971146835022e-06 2.131780934184713052e-06 2.988494649675675453e-06 3.406673363594719165e-06 3.536677417520114317e-06 3.656880669254221432e-06
1.302991175761410539e-06 2.113706674734609280e-06 2.967112367282233080e-06 3.389083173292331537e-06 3.519322605897842289e-06 3.636820472585175037e-06
1.287723524337666049e-06 2.095826774534655076e-06 2.945887606587111750e-06 3.371620142363940038e-06 3.502135889247592768e-06 3.617078108689988651e-06
1.272075288674686094e-06 2.078138450770234152e-06 2.924820399100123026e-06 3.354279825517025725e-06 3.485109498314523063e-06 3.597639404342455714e-06
1.256129354582617741e-06 2.060638977566987817e-06 2.903911087203378474e-06 3.337058386148571505e-06 3.468238472041442677e-06 3.578488741921654693e-06
1.239724373192104287e-06 2.043325682211512783e-06 2.883160169680605818e-06 3.319951540379035757e-06 3.451520030815249236e-06 3.559614752393726241e-06
1.222746238093973831e-06 2.026195944725229056e-06 2.862568263253337484e-06 3.302955069254972095e-06 3.434954259693248108e-06 3.541011708271560639e-06
1.205350251697674768e-06 2.009247199424876358e-06 2.842136719410009019e-06 3.286056715630547393e-06 3.418541705602089179e-06 3.522673618982171945e-06
1.187505883601192982e-06 1.992476913593277107e-06 2.821865043898834061e-06 3.269254102675867844e-06 3.402278587167477001e-06 3.504581614974831039e-06
1.169124467715796925e-06 1.975882602547611668e-06 2.801752836142916503e-06 3.252548151133541581e-06 3.386161728642197037e-06 3.486729004290715870e-06
1.150364824243456448e-06 1.959461830492135743e-06 2.781799790231064309e-06 3.235941668905552514e-06 3.370187020089679899e-06 3.469110727776027456e-06
1.131296799076103588e-06 1.943212199383580754e-06 2.762005767001432589e-06 3.219434846520846515e-06 3.354350429337055676e-06 3.451723138162642815e-06
1.111787555979285234e-06 1.927131349034924276e-06 2.742370579599423506e-06 3.203024889540086045e-06 3.338648682843853912e-06 3.434563844480441150e-06
1.092013383530027094e-06 1.911216943557878093e-06 2.722894102718646260e-06 3.186707698888531731e-06 3.323080138220317663e-06 3.417632484048682156e-06
1.072131118617280645e-06 1.895466708854713883e-06 2.703576065537021151e-06 3.170479306074793084e-06 3.307642883520569211e-06 3.400928044211377495e-06
1.052112969307135192e-06 1.879878392718871952e-06 2.684415801445086711e-06 3.154335224140138108e-06 3.292334411084007253e-06 3.384449727220117410e-06
1.031882025448483974e-06 1.864449775979009707e-06 2.665412557296069409e-06 3.138272283581601647e-06 3.277151960081216857e-06 3.368194573314060234e-06
1.011570200183340793e-06 1.849178669719090984e-06 2.646565307217629271e-06 3.122287757532143478e-06 3.262092518155911487e-06 3.352154787388785010e-06
9.912662137165291869e-07 1.834062927006349177e-06 2.627872745730347797e-06 3.106380222606522665e-06 3.247153676967900423e-06 3.336317287493729852e-06
9.709545752994193391e-07 1.819100429844345998e-06 2.609333606931162256e-06 3.090547118281793380e-06 3.232333224773826624e-06 3.320670567383775687e-06
9.506789783150902596e-07 1.804289122853035191e-06 2.590946597780054651e-06 3.074786785624301403e-06 3.217632178240711471e-06 3.305208471508000440e-06
9.305430380084583408e-07 1.789627024324058046e-06 2.572710599202329876e-06 3.059096873406986681e-06 3.203052877335960305e-06 3.289932073883417064e-06
9.105954191357643666e-07 1.775112186355422761e-06 2.554624888405229176e-06 3.043475546635758130e-06 3.188597374895202289e-06 3.274829544542543228e-06
8.907767974393982499e-07 1.760742699368454170e-06 2.536689030529560778e-06 3.027922321697422179e-06 3.174264973942486927e-06 3.259891229074672480e-06
8.711068864020954369e-07 1.746516708775077678e-06 2.518902983274864790e-06 3.012435491109457246e-06 3.160054197910416219e-06 3.245112487742523634e-06
8.516204906818224822e-07 1.732432408913414452e-06 2.501266768251451291e-06 2.997013912237187778e-06 3.145962434105279766e-06 3.230489541412310116e-06
8.323194067050853068e-07 1.718488014612161167e-06 2.483780714595586948e-06 2.981656888787185907e-06 3.131985916149215003e-06 3.216018586304899330e-06
8.131824418133464936e-07 1.704681776957679087e-06 2.466446117263539170e-06 2.966364527220939920e-06 3.118120736781310067e-06 3.201698473295905933e-06
7.941950703998413349e-07 1.691011960093402074e-06 2.449262186870912333e-06 2.951134714171186136e-06 3.104364389015095582e-06 3.187528972077555222e-06
7.753960740522998053e-07 1.677476860879906668e-06 2.432228159838294910e-06 2.935965167429172843e-06 3.090714628552420514e-06 3.173509496763347275e-06
7.567938932237602463e-07 1.664074813167097882e-06 2.415343393553072016e-06 2.920852561975154759e-06 3.077169088579561164e-06 3.159639607806463873e-06
7.383605396492330708e-07 1.650804164282978252e-06 2.398607548960751841e-06 2.905794119185129786e-06 3.063726368878570451e-06 3.145918531579490617e-06
7.200885177042574493e-07 1.637663287389780766e-06 2.382020227252118530e-06 2.890786598191674881e-06 3.050384641762799043e-06 3.132343569900503628e-06
7.020072597992322118e-07 1.624650533670080254e-06 2.365581115071953813e-06 2.875827504154960326e-06 3.037141754744446412e-06 3.118907254966514739e-06
6.840960034304204781e-07 1.611764264004281683e-06 2.349289830442589810e-06 2.860914097795191777e-06 3.023995941375083308e-06 3.105598977080377455e-06
6.663648352953069284e-07 1.599002871544393366e-06 2.333145685105281717e-06 2.846044839038456213e-06 3.010946633761533350e-06 3.092413480270914607e-06
6.488224742643450434e-07 1.586364779558971862e-06 2.317147682090535304e-06 2.831218206204401617e-06 2.997993957174775853e-06 3.079350721939129963e-06
6.314351086560847058e-07 1.573848412226121941e-06 2.301294809464882184e-06 2.816433245366751760e-06 2.985138641770761338e-06 3.066409683500320400e-06
6.142208648392841453e-07 1.561452212188943060e-06 2.285585651094511851e-06 2.801689358224944359e-06 2.972383553076453686e-06 3.053581619969820750e-06
5.971745139270612082e-07 1.549174644541066706e-06 2.270018614555461597e-06 2.786986464516549260e-06 2.959729367050786534e-06 3.040861276883387710e-06
5.802939701369645047e-07 1.537014196849262442e-06 2.254592206771430468e-06 2.772324321160451059e-06 2.947175442391530379e-06 3.028244923133052022e-06
5.635557107870928204e-07 1.524969389039491889e-06 2.239304864475321177e-06 2.757703630615184058e-06 2.934721595379604300e-06 3.015730302091641980e-06
5.469478133427938285e-07 1.513038742561430263e-06 2.224155111199753800e-06 2.743124728155711721e-06 2.922365668801313223e-06 3.003314637188930014e-06
5.304720493070427526e-07 1.501220816705029185e-06 2.209141454153967271e-06 2.728589427475083723e-06 2.910104932597489407e-06 2.990997338747550741e-06
5.141305583082202261e-07 1.489514207005739352e-06 2.194262432345926975e-06 2.714099807702633972e-06 2.897936586691645784e-06 2.978778760454785328e-06
