1.877972155010788624e-01 2.852746205701603976e-01 3.155292049655403774e-01 3.165321084008095309e-01 3.616450415646962901e-01 3.970280572833264632e-01
4.523114801159650727e-02 6.976804212283267692e-02 7.643126067656771938e-02 7.709385298530138653e-02 8.723488893296472979e-02 1.000670349517232549e-01
1.918219026651047862e-02 3.027274607739904172e-02 3.278860602054281537e-02 3.350060960544418848e-02 3.722234876631722728e-02 4.319913738860831076e-02
1.026816375842206502e-02 1.667000522720881589e-02 1.738106981560582492e-02 1.908655858092308394e-02 2.033687544149851562e-02 2.385039319725490783e-02
6.270998660535300785e-03 1.048208723179790830e-02 1.029110659790205724e-02 1.243514553647946316e-02 1.271556133732223634e-02 1.497421731915861420e-02
4.166139566319328365e-03 7.177554358479687827e-03 6.779303042222971191e-03 8.948084116166829874e-03 8.660189067881279151e-03 1.015949191251706504e-02
2.932471012042170509e-03 5.209165800156617156e-03 4.729310123427710351e-03 6.696132528442953931e-03 6.253354254220604667e-03 7.309546335853395541e-03
2.151338296548080398e-03 3.907764387138217520e-03 3.588307570690486403e-03 5.088624431406832058e-03 4.718647408839413138e-03 5.448388877274526650e-03
1.646295860041209784e-03 2.981253319951831203e-03 2.896780714326694425e-03 3.957615340944565380e-03 3.677050297444935285e-03 4.201970295145432584e-03
1.306378225420363332e-03 2.320246677605995386e-03 2.418340663750422406e-03 3.166830793606815065e-03 2.940737050530752017e-03 3.332802079749261175e-03
1.068441560803534305e-03 1.836572211430253154e-03 2.063369726231915110e-03 2.588445119180460188e-03 2.402858441856061626e-03 2.698508448500720140e-03
8.900869948620938584e-04 1.469405133922711479e-03 1.793021550176800930e-03 2.167286269923614315e-03 2.003898376458488565e-03 2.228113580110692004e-03
7.515920187591936712e-04 1.201647292727650411e-03 1.566823552248761652e-03 1.810466495835306999e-03 1.696275902521703549e-03 1.870121852253527712e-03
6.408374617548391215e-04 1.011022297322704093e-03 1.362859816694939876e-03 1.553879942122051144e-03 1.454541467088550947e-03 1.588705059281132238e-03
5.509923387867470684e-04 8.657748667704492874e-04 1.192742538466362535e-03 1.345531604665125332e-03 1.262360282807960124e-03 1.368493980192039654e-03
4.776046085735921988e-04 7.504010575786128172e-04 1.052744272682312049e-03 1.076017672836579063e-03 1.103892983720860610e-03 1.191071202852786578e-03
4.168091248953518461e-04 6.579303279041419199e-04 9.332156060834902959e-04 1.026051428766089520e-03 9.709767718678034192e-04 1.048090449878037603e-03
3.657102795171212478e-04 5.821937166866670990e-04 8.315781916623381535e-04 9.210043789538376090e-04 8.567869794720330001e-04 9.306844995568943138e-04
3.226958510400549014e-04 5.186246717503920469e-04 7.455363137596242784e-04 8.285521106405236303e-04 7.587788649153359580e-04 8.330769395203238212e-04
2.868687332763745351e-04 4.647260182642286666e-04 6.726528299916322094e-04 7.437330487309527609e-04 6.789754033231347203e-04 7.487784549358927422e-04
2.572847749163837045e-04 4.187065150335438340e-04 6.104220233004101085e-04 6.682548290204110919e-04 6.159293779291150637e-04 6.763168049428978663e-04
2.331193032574747708e-04 3.791303055247026888e-04 5.568835730760012459e-04 6.042926772301280766e-04 5.636891216300431986e-04 6.139250190603575416e-04
2.127235774321226277e-04 3.446467363888659481e-04 5.108262796998540214e-04 5.371625243445185332e-04 5.360329000272801145e-04 5.590285851701888228e-04
1.952005126300969016e-04 3.141936709409211942e-04 4.708137930957549157e-04 4.624474192537371409e-04 5.248624216632281686e-04 5.106249469461106045e-04
1.801896776029303414e-04 2.870837474407494732e-04 4.357098373091561989e-04 4.028163083031588410e-04 5.146513459206715317e-04 4.686860900083611209e-04
1.670097616123867364e-04 2.630472908424005417e-04 4.044387443650735597e-04 3.521515141794175053e-04 5.038723468284715852e-04 4.326245622269444136e-04
1.554100075696398793e-04 2.417245487444909192e-04 3.768088610429749449e-04 3.183447352754665703e-04 4.789576997248457348e-04 4.020233636024833504e-04
1.450546653480639270e-04 2.226825261007283642e-04 3.520132391255381969e-04 2.962889619500174375e-04 4.436381645921722993e-04 3.745526383459378507e-04
1.357624550091178592e-04 2.056375293699765885e-04 3.295124594289539858e-04 2.762568840271667969e-04 4.113741289147642213e-04 3.475905411349675079e-04
1.273601403780809859e-04 1.905202313844461207e-04 3.091493158006637675e-04 2.579648627246884131e-04 3.830181354514126165e-04 3.268813916582558520e-04
1.197590263895613428e-04 1.770697532142493215e-04 2.902126558719147543e-04 2.420514481467326044e-04 3.580344018148058421e-04 3.051972384922989876e-04
1.129032442601278843e-04 1.649499963721463109e-04 2.733238364506516472e-04 2.272105125942414279e-04 3.357777222284871873e-04 2.860932647995096442e-04
1.066875199741387960e-04 1.539651189499823176e-04 2.576249711553638892e-04 2.139699381289446420e-04 3.151767170993334381e-04 2.663755744962166138e-04
1.010090071889888872e-04 1.439978052481745744e-04 2.430338196110384103e-04 2.021867892213617440e-04 2.972376490510547100e-04 2.490682680409314316e-04
9.578686590023383334e-05 1.348751803047155875e-04 2.293327284788064448e-04 1.914640441638669217e-04 2.810061799409636994e-04 2.331762159291486441e-04
9.099566343876156133e-05 1.265330737384095735e-04 2.136879773092482341e-04 1.859824718713273134e-04 2.626078307024290329e-04 2.218217926675969550e-04
8.659286885505779305e-05 1.188732934793499242e-04 1.951483549789489276e-04 1.842464932759068264e-04 2.413550261085368911e-04 2.133876898809142718e-04
8.251340608299280812e-05 1.118930234548746062e-04 1.784014631040814654e-04 1.840873452070476680e-04 2.276169984538746027e-04 2.042081352906556524e-04
7.867893321629043917e-05 1.054777445392134376e-04 1.631279546770622016e-04 1.849543768609454770e-04 2.078559979426675836e-04 2.018446804007931487e-04
7.508359526611253776e-05 9.947611584070647399e-05 1.491912198903123812e-04 1.857652689951980857e-04 1.868929357283292383e-04 2.165946076467480704e-04
7.174345835140314483e-05 9.390315116478823213e-05 1.375792341584838408e-04 1.831771523075473231e-04 1.665266626725574910e-04 2.269247457457207755e-04
6.864589114880850480e-05 8.880993409285678432e-05 1.293954356010435208e-04 1.777542448832988798e-04 1.474043218840546618e-04 2.125521754571839048e-04
6.575334960212674028e-05 8.415681882732390978e-05 1.226209120319426049e-04 1.715569396775870527e-04 1.378153356103843533e-04 2.131449230749529722e-04
6.304019331555786305e-05 7.987552494937839008e-05 1.163723855087745102e-04 1.651899690423188748e-04 1.322595076682706711e-04 2.003987621494445631e-04
6.043510958765004385e-05 7.563740528487698268e-05 1.111624539562513369e-04 1.584460463503299264e-04 1.270726002072698096e-04 1.925824354750812410e-04
5.795223997959868966e-05 7.149323491394697953e-05 1.068054857672198836e-04 1.532173343914388351e-04 1.220798422126362012e-04 1.854960552362250456e-04
5.559736967021881670e-05 6.768170087707846576e-05 1.027454858215519665e-04 1.481980594583384736e-04 1.172148592638331611e-04 1.795365011661929607e-04
5.338988960837992201e-05 6.420463536414348330e-05 9.889164899538771688e-05 1.430854213254139729e-04 1.125100092118673989e-04 1.713782122308853432e-04
5.133443791452398585e-05 6.100223494744920781e-05 9.525359999549229959e-05 1.383069232728982524e-04 1.081438230095926439e-04 1.601511596055715488e-04
4.939453344052181853e-05 5.803083257392010352e-05 9.178560626575929158e-05 1.338277933092701542e-04 1.039927865486965522e-04 1.505017405743140461e-04
4.757231622903132804e-05 5.536682133692431303e-05 8.842288304051839384e-05 1.292080140319082446e-04 1.000070894455388728e-04 1.404877833420196530e-04
4.586716935641156444e-05 5.308771634823488263e-05 8.492475472062575967e-05 1.150017305208824120e-04 9.626247664680253377e-05 1.317704472178192487e-04
4.427057941662043130e-05 5.116829177613624693e-05 8.137564998416477061e-05 1.171061542878496675e-04 9.272613406739438596e-05 1.228770714091904871e-04
4.278680468698130068e-05 4.938073893955203554e-05 7.804607831669671959e-05 1.150815851297751631e-04 8.955986523830122760e-05 1.140024101630275898e-04
4.138118517204592559e-05 4.767491863862954616e-05 7.492689481428193665e-05 1.134715936838526196e-04 8.653038386028599164e-05 1.064627504905510098e-04
4.003742891746143339e-05 4.605467837543083116e-05 7.195912497013181100e-05 1.094192601346373456e-04 8.357705600246982214e-05 9.990392409539414112e-05
3.872982470567700114e-05 4.452127692185317451e-05 6.905538671816990621e-05 1.055555402945693671e-04 8.087992225408245194e-05 9.409290714890829806e-05
3.746207376882659291e-05 4.305860850121239684e-05 6.621886541053179206e-05 1.034507784087768421e-04 7.836566903599805599e-05 8.904079527553287478e-05
3.621996389984668576e-05 4.165928578256195100e-05 6.361543957818357933e-05 1.004933474549169582e-04 7.595726050312771383e-05 8.492050887182085457e-05
3.503848919888855707e-05 4.029089984785292396e-05 6.124533562019358391e-05 9.760320598624868164e-05 7.384745621725891649e-05 8.174838530445108220e-05
3.390700723794906298e-05 3.896009598570590799e-05 5.898201088541375780e-05 9.388127458472097272e-05 7.346967483622814197e-05 7.856997412355104168e-05
3.282619416963044110e-05 3.767678141792218645e-05 5.692622874944132166e-05 8.814443308603890257e-05 7.526582103762180628e-05 7.576961610647951317e-05
3.180901723605157513e-05 3.645405142552680109e-05 5.504764142568110708e-05 8.153425620017469122e-05 7.777126934142122091e-05 7.327126685804398725e-05
3.084022498351222415e-05 3.527999173237041878e-05 5.332268888312085111e-05 7.560650584865963905e-05 8.121623185542493114e-05 7.084596647646724686e-05
2.993011834747467273e-05 3.416113610460697563e-05 5.170130520129280542e-05 6.987102161976647887e-05 8.436867862825418013e-05 6.848380720881381710e-05
2.907407997607546832e-05 3.308328654561800488e-05 5.013444722409157950e-05 6.511277340291206231e-05 8.660026019355652419e-05 6.624008171172762402e-05
2.827446124432253882e-05 3.207634916705670038e-05 4.858482519820973253e-05 6.161998582564620749e-05 8.719212198653540343e-05 6.432268450097461735e-05
2.753702727420749723e-05 3.115115424694742948e-05 4.703362712374192209e-05 5.892840926999740443e-05 8.660036472933900671e-05 6.243349045073762953e-05
2.684914230883011843e-05 3.031475768788580608e-05 4.550855666894817282e-05 5.686423546600728431e-05 8.564724598250327546e-05 6.061292770238758135e-05
2.619907148710317118e-05 2.951935464234302231e-05 4.405230332130408621e-05 5.490179908832620441e-05 8.454863302457627048e-05 5.911759877715522189e-05
2.557345531051528393e-05 2.877112474314118026e-05 4.260953081524197246e-05 5.326261857471658776e-05 8.320747981772997292e-05 5.753020569918020267e-05
2.497346554025206577e-05 2.806258215732578413e-05 4.121451083574279484e-05 5.187908852095475613e-05 8.156147320090943319e-05 5.623063130331560841e-05
2.438517114915681223e-05 2.739616915608895697e-05 3.985429067841785407e-05 5.051850846177840479e-05 7.986308140063508385e-05 5.462563306393657900e-05
2.383280168863877136e-05 2.677172744575772621e-05 3.855041438232314826e-05 4.917627384882535527e-05 7.818507509398968575e-05 5.318938915879580019e-05
2.330342123570003504e-05 2.618235738135076451e-05 3.729657832635819415e-05 4.770212670281929589e-05 7.655560956770101786e-05 5.185559630123052463e-05
2.280038600339926973e-05 2.561487168885752172e-05 3.606033160145870467e-05 4.660464355965175995e-05 7.499327601155678211e-05 5.066025287867118856e-05
2.233023726576657505e-05 2.506917024367037088e-05 3.485750366525436870e-05 4.576630700763285279e-05 7.329514006705521256e-05 4.943473189858174714e-05
2.187934953733840270e-05 2.455122180081038350e-05 3.370297155825075164e-05 4.467671058503614893e-05 7.147835945382866344e-05 4.840119155430352629e-05
2.145637511643023009e-05 2.405197978910982091e-05 3.266094909858995097e-05 4.364027136233623617e-05 6.874569440948089210e-05 4.746422607038349443e-05
2.105482598192919737e-05 2.356769077028987572e-05 3.165791066241358637e-05 4.267211654289541819e-05 6.671431968449091394e-05 4.660861875868418079e-05
2.067882964083677798e-05 2.309630979484676868e-05 3.070205002962522322e-05 4.165226544808625522e-05 6.492716263283745113e-05 4.580348555829224480e-05
2.032383041321555910e-05 2.263884625088283771e-05 2.973768805123051310e-05 4.078779917021819605e-05 6.239689331644713134e-05 4.661660018499070500e-05
1.998753714295711749e-05 2.219502480222268758e-05 2.868639869545844254e-05 4.009790125443476246e-05 5.873027400594082954e-05 4.977747899122141653e-05
1.966656194705496060e-05 2.176476654315431992e-05 2.753930306540784416e-05 3.941345482478848529e-05 5.494419766798578795e-05 5.458718939211165780e-05
1.935934179170293058e-05 2.134682269484055808e-05 2.651877940198198587e-05 3.864840421775411717e-05 5.053064822723391328e-05 5.891420865257096843e-05
1.906376256867111868e-05 2.093907141096164776e-05 2.566784673479285294e-05 3.803302142833883958e-05 4.650666692758155226e-05 5.864376060077600015e-05
1.878421147802707456e-05 2.054101921900360484e-05 2.480273888169846468e-05 3.744435835539980037e-05 4.366090233477525035e-05 5.935825243893964176e-05
1.850961111295152829e-05 2.015008861272653677e-05 2.400713683191828236e-05 3.670595262096378991e-05 4.162722465387936813e-05 6.072339040813544089e-05
1.824364381232402422e-05 1.977000424636770460e-05 2.333803472264153636e-05 3.590313660410800813e-05 4.027505662724942189e-05 6.011516032006887570e-05
1.798356244958242633e-05 1.940091196666656541e-05 2.281084269052674761e-05 3.490598295825062122e-05 3.914447552417749229e-05 6.078874333871390719e-05
1.772682424185836582e-05 1.904287978864288973e-05 2.235782461704586375e-05 3.393195052816924039e-05 3.798379360729484182e-05 5.991567490035754919e-05
1.747771755790948259e-05 1.869650386217870054e-05 2.191994572013053521e-05 3.290085704005936385e-05 3.689841819990669568e-05 5.922354212337580496e-05
1.723751739644090831e-05 1.836601180670923239e-05 2.149325971123175729e-05 3.201579245528970687e-05 3.606832522807528634e-05 5.923125684291350368e-05
1.700229272114780132e-05 1.805036440099345153e-05 2.106203531741015898e-05 3.129996781611328165e-05 3.535402248330854377e-05 5.835568760360828082e-05
1.677870461423669232e-05 1.774636186516612697e-05 2.062848541444602444e-05 3.049667249913191018e-05 3.464592900211950591e-05 5.640927534537462857e-05
1.656087935787705316e-05 1.744923229652494019e-05 2.022002001867160219e-05 2.970968360389913759e-05 3.395486198615567185e-05 5.498307019507001070e-05
1.634869162371501488e-05 1.715910300699430811e-05 1.982114888034852877e-05 2.894111656244630285e-05 3.328724233633977182e-05 5.306232593023501183e-05
1.614001332097460425e-05 1.687521456242730092e-05 1.943633140573815029e-05 2.837062323761796158e-05 3.263959799037389022e-05 5.121219339342185199e-05
1.593496922431822526e-05 1.659882320673779864e-05 1.906639381776144198e-05 2.778657607295999970e-05 3.201141236436609886e-05 4.941732097402371139e-05
1.573016704304780036e-05 1.632836942018001721e-05 1.869462965396892566e-05 2.714405518655525607e-05 3.143069852677202435e-05 4.730859265778243698e-05
1.553279703687959417e-05 1.606336042721401636e-05 1.832073494720327226e-05 2.651276845879921138e-05 3.088857136528454586e-05 4.508098738494586136e-05
1.533750468531358267e-05 1.579931831411548259e-05 1.794283060534533907e-05 2.592141972073690011e-05 3.037229712605313828e-05 4.297798317430881059e-05
1.514570438783361555e-05 1.553750076045019643e-05 1.756852273896906299e-05 2.531559520062847630e-05 2.985830504830926926e-05 4.096785865802641147e-05
1.495481217717255583e-05 1.527895509648922708e-05 1.716887128264438949e-05 2.394227979414331422e-05 2.935229895717689826e-05 3.912178128141400826e-05
1.476223759171991911e-05 1.502675585421228172e-05 1.683493002001431021e-05 2.373851507950862209e-05 2.884109545706183152e-05 3.736863259588266481e-05
1.456878580704697903e-05 1.478149197817532922e-05 1.648704317492947550e-05 2.379517346475270898e-05 2.832339353683542945e-05 3.567765864774103378e-05
1.437632040512003062e-05 1.454492796427090197e-05 1.615399279004531218e-05 2.344277411943278817e-05 2.781199199905253145e-05 3.410492921954860079e-05
1.418292181298124713e-05 1.431782260567762646e-05 1.582486196047901573e-05 2.304214674443179554e-05 2.739545357794309597e-05 3.274549634177872513e-05
1.399260601487076139e-05 1.410004663109948990e-05 1.552926565046360171e-05 2.255120470928130663e-05 2.698495478858662779e-05 3.161217017277507000e-05
1.380216789929927568e-05 1.389003928142432081e-05 1.525638922285840715e-05 2.200334121033654491e-05 2.654643231153704225e-05 3.073035471512994830e-05
1.361029634207412345e-05 1.368781606509439397e-05 1.499565878409411960e-05 2.149425771362971775e-05 2.606439264681370015e-05 2.999548490960167249e-05
1.342005578760730682e-05 1.349263494342484083e-05 1.475903666037691363e-05 2.098890887786956808e-05 2.560437176533066216e-05 2.938671218070445436e-05
1.323019060419682101e-05 1.330614397208875827e-05 1.454394028266513601e-05 2.053094738798291849e-05 2.512605918612577068e-05 2.878170315710599134e-05
1.304065147841137584e-05 1.312751042387184964e-05 1.432110774523072544e-05 2.007915980943776629e-05 2.464140112968908614e-05 2.815275356178055912e-05
1.285371330966504978e-05 1.295638021500078612e-05 1.410162657226593028e-05 1.963926488745299529e-05 2.416473205247863108e-05 2.741066171073392292e-05
1.267177443375006320e-05 1.279065490234090057e-05 1.390655002416943619e-05 1.916213273605777193e-05 2.382710887825524864e-05 2.686502980731821555e-05
1.249510551835910547e-05 1.262813560270491398e-05 1.372113834410791791e-05 1.858460915673885210e-05 2.362240029139806957e-05 2.626530291352535503e-05
1.232512501355095507e-05 1.246766458478175417e-05 1.356063319183473153e-05 1.796397386381388858e-05 2.348567221640671419e-05 2.571354160646700389e-05
1.216054972389710014e-05 1.230982497137142514e-05 1.339342928479705323e-05 1.734323318312437325e-05 2.331961930632240259e-05 2.523897074318577418e-05
1.200177591913791858e-05 1.215505407036894503e-05 1.323753815741476167e-05 1.683717160971201436e-05 2.322519691010593249e-05 2.483757103596558630e-05
1.184862592109278891e-05 1.200259891284391454e-05 1.308215609527765354e-05 1.629588049676820435e-05 2.309310465189793037e-05 2.441861975005601529e-05
1.169897552526779643e-05 1.185211839590136706e-05 1.293728945757685821e-05 1.579524798150190034e-05 2.295890451857767581e-05 2.402822309559315452e-05
1.155459342134948923e-05 1.170222879854180295e-05 1.280050776720509590e-05 1.537554827886229437e-05 2.269522604859702147e-05 2.367849961846793790e-05
1.141445642310819209e-05 1.155332890989098267e-05 1.267096113077853903e-05 1.506208638192526809e-05 2.228783866549415675e-05 2.332829414899458806e-05
1.127613025862114852e-05 1.140717544268892693e-05 1.254415341156640139e-05 1.480864126911010207e-05 2.181931925675740925e-05 2.298333157911104107e-05
1.113812865737954722e-05 1.126562191715385503e-05 1.242223642333460844e-05 1.448175012735717433e-05 2.131401906376240567e-05 2.265048633069521286e-05
1.100293788731931876e-05 1.112973168330009041e-05 1.229603580809951618e-05 1.435181984854287735e-05 2.082466512949708202e-05 2.227370699468366787e-05
1.086732996561086436e-05 1.100011239458856317e-05 1.216788520863648313e-05 1.417535184128884157e-05 2.037367313543805825e-05 2.193082225154429965e-05
1.073193384808703229e-05 1.087536689607327796e-05 1.204357571233031338e-05 1.399524176021458408e-05 1.993358028975932269e-05 2.165851467796724557e-05
1.059710798435582911e-05 1.075646535548592168e-05 1.191835152320976656e-05 1.377130827952745402e-05 1.949934322637649991e-05 2.131253785421255526e-05
1.046241277288260340e-05 1.064211232902427710e-05 1.179168579688673999e-05 1.357098342095103563e-05 1.906189870697897585e-05 2.103528449480237470e-05
1.032792515703937637e-05 1.053233786286527577e-05 1.166527247237888888e-05 1.338528137787161139e-05 1.863536334458300127e-05 2.074954034986025499e-05
1.019369326100242794e-05 1.042773526125131809e-05 1.153382197012899325e-05 1.317048396116046287e-05 1.824450044073213831e-05 2.043077452344723523e-05
1.006088798396161175e-05 1.032692079869657070e-05 1.140147996637866309e-05 1.290408229853454110e-05 1.787721807977763697e-05 2.014958714315071153e-05
9.928159397203329485e-06 1.022988289539956448e-05 1.126809771704355595e-05 1.279602770542825730e-05 1.749013413017378531e-05 1.982773947653696507e-05
9.798833336000004984e-06 1.013557421070624446e-05 1.113695294755158610e-05 1.266837005892891237e-05 1.712789276464328972e-05 1.960894254676632633e-05
9.673180962404378779e-06 1.004199513239044606e-05 1.100571004162174149e-05 1.247258079589315360e-05 1.676458084524580668e-05 1.944448786639674150e-05
9.551436233210196497e-06 9.948271418682283747e-06 1.087848723379342494e-05 1.227584849367472008e-05 1.641314105769692917e-05 1.922735109535949187e-05
9.433761349263110113e-06 9.855474533655142469e-06 1.075674593104205236e-05 1.208808904998528981e-05 1.607929439812954495e-05 1.901327170497822775e-05
9.321405507208804621e-06 9.762275805660212115e-06 1.063825991611332129e-05 1.186803361670006986e-05 1.571020007412717099e-05 1.874225880231351437e-05
9.213354604340006466e-06 9.669298620535175299e-06 1.052684034574453082e-05 1.168615418160200806e-05 1.535914317117414833e-05 1.839407024241493607e-05
9.109394367737288795e-06 9.578064788459709765e-06 1.041729414950266327e-05 1.146098926412860931e-05 1.518488982412487935e-05 1.813207779913829850e-05
9.010465490969197467e-06 9.487423682832902888e-06 1.030959078695013356e-05 1.123981004129178321e-05 1.503644637495759915e-05 1.789470989182368146e-05
8.914762718915093145e-06 9.398306990706790153e-06 1.020911257284716560e-05 1.101509342592360216e-05 1.478615745742614157e-05 1.766987110580929817e-05
8.822706073818979789e-06 9.310297969647816913e-06 1.011620546543062694e-05 1.080610989846149731e-05 1.450812800584703877e-05 1.764860376197378749e-05
8.734824962377068066e-06 9.223956924647345066e-06 1.002507146825479789e-05 1.060751209953400052e-05 1.416476754907012100e-05 1.777859736609069044e-05
8.650778490255527756e-06 9.139375393587427621e-06 9.927175896157783841e-06 1.043075966110237604e-05 1.380914023659944385e-05 1.796531931493267151e-05
8.570479543801855124e-06 9.056424480494041377e-06 9.827855939408911831e-06 1.027262186616600324e-05 1.342286771230606649e-05 1.808489449864213018e-05
8.493801213753349359e-06 8.975954479208411455e-06 9.728532960283838444e-06 1.012361184289358282e-05 1.302092583709580001e-05 1.799276362601109094e-05
8.419976186886737269e-06 8.896723185274339169e-06 9.629526940715666376e-06 9.998495119113993528e-06 1.264790591426936381e-05 1.746250584355170073e-05
8.346470983001696533e-06 8.819216396065803406e-06 9.533853140741937497e-06 9.881112048469062084e-06 1.239448003050037567e-05 1.716586201420032827e-05
8.272164051451734009e-06 8.742842648427738171e-06 9.436994571156752260e-06 9.764787998770237514e-06 1.222582366982267069e-05 1.715027160599789561e-05
8.197750198569770760e-06 8.667505811431007242e-06 9.335377708907056709e-06 9.657496978982841251e-06 1.208464678384918893e-05 1.668026576691270161e-05
8.122665592926229554e-06 8.593601416639397463e-06 9.235928898816873027e-06 9.567634476933748589e-06 1.196120809094687807e-05 1.633750912302604205e-05
8.045978826309073618e-06 8.520593685326758272e-06 9.133806224174318781e-06 9.477025474660469639e-06 1.182258322369489389e-05 1.605129793438402470e-05
7.969462861750952680e-06 8.449267248466950977e-06 9.033011561190835322e-06 9.399108483015487889e-06 1.168804594555119384e-05 1.573289145743479514e-05
7.893476216793408155e-06 8.379831931868272834e-06 8.932406891288183402e-06 9.327505445913827645e-06 1.153046148153772479e-05 1.541309280332305340e-05
7.817783932913971928e-06 8.311712429029848232e-06 8.835681531206413439e-06 9.258059896428261267e-06 1.138855712521569685e-05 1.515483558106563526e-05
7.741359304416651146e-06 8.244683006480980458e-06 8.742861304965534547e-06 9.191512801110228803e-06 1.124123428962978532e-05 1.490880035972903662e-05
7.664037014468507930e-06 8.179170052544171838e-06 8.648259502526059670e-06 9.120319608732797563e-06 1.110153239438545157e-05 1.467507865092925926e-05
7.584695607011181088e-06 8.113901761061601608e-06 8.558637184820696035e-06 9.057363110699895807e-06 1.095398749383023196e-05 1.431239725077254608e-05
7.501384793667494233e-06 8.050364120658289768e-06 8.471548574651776111e-06 8.988420521120283336e-06 1.079526854368424733e-05 1.397336061042351220e-05
7.414640362076438585e-06 7.988870990506430708e-06 8.388819130403990445e-06 8.918084505295122602e-06 1.063694486480224002e-05 1.366884874972871940e-05
7.326040008327546903e-06 7.929100399405416538e-06 8.309932178397741570e-06 8.849170241352745874e-06 1.048111858912187523e-05 1.336219919226511303e-05
7.234313401780987394e-06 7.871089159053314022e-06 8.232505337892633538e-06 8.770796717571640306e-06 1.032782026337576325e-05 1.302718176187043624e-05
7.139117146871641917e-06 7.814624953618710021e-06 8.154166396120847323e-06 8.704488579019193362e-06 1.016275136073738292e-05 1.272004957507665577e-05
7.042691093190439386e-06 7.758753620654710773e-06 8.077068667879974990e-06 8.652680217109831262e-06 1.001520514696060829e-05 1.243194272326974146e-05
6.945979191805551707e-06 7.704149965893548974e-06 8.003765441273782887e-06 8.584899745734115819e-06 9.896136066851624887e-06 1.215534055161484654e-05
6.849462351595768812e-06 7.650302261728151757e-06 7.935583842831134488e-06 8.499750771164110686e-06 9.743267508066907808e-06 1.190150142596366756e-05
6.753445694173017865e-06 7.597667308213894144e-06 7.869414573042918121e-06 8.431250284740138799e-06 9.596639992171968826e-06 1.167831334995045450e-05
6.659928609639175599e-06 7.547103428087512338e-06 7.802661675916790191e-06 8.381492047307061917e-06 9.429848667638343881e-06 1.149763926905211611e-05
6.569608951354049319e-06 7.497911148773650274e-06 7.734091598775672544e-06 8.338137901182684678e-06 9.248455007590921100e-06 1.134560776993801696e-05
6.482435172034417569e-06 7.450563303619090291e-06 7.664428904486091532e-06 8.277166860632304788e-06 9.082897908033662286e-06 1.124224693880843316e-05
6.399735097956342179e-06 7.403499975007247157e-06 7.594210166791501354e-06 8.203951663546922639e-06 8.908969144441725610e-06 1.112834256336407610e-05
6.321585195438737169e-06 7.357003966331421356e-06 7.522802261619229200e-06 8.123078136141176342e-06 8.735584126263057166e-06 1.101888162027422130e-05
6.247323613591905238e-06 7.310483443665916877e-06 7.453334677488821625e-06 8.048692662068069657e-06 8.565286783624058287e-06 1.082811721314903482e-05
6.177387218209467372e-06 7.263820175285977636e-06 7.386504022851354409e-06 7.991212029865629710e-06 8.424558652801652443e-06 1.061623647956148626e-05
6.110987386070903649e-06 7.217084662786038482e-06 7.318336919574542950e-06 7.945324705967482851e-06 8.319414189305794177e-06 1.050500321746753035e-05
6.047685000713266473e-06 7.170808857613040376e-06 7.249971209598065506e-06 7.903062245994724080e-06 8.208038559522950331e-06 1.043749096995638339e-05
5.987219690760950783e-06 7.124945636180036128e-06 7.177633850710909115e-06 7.845903106762362438e-06 8.106461286360537645e-06 1.024236128027234535e-05
5.928877026838030245e-06 7.079045528827765794e-06 7.104208748094631014e-06 7.807747472313015155e-06 8.005949445768096654e-06 1.015637816016847511e-05
5.871734616792918804e-06 7.033460763766231668e-06 7.030544588727898850e-06 7.760711726796556192e-06 7.917387575205291276e-06 1.008991194546919715e-05
5.815938570259881168e-06 6.987626736869301677e-06 6.959617215211181105e-06 7.707132823554134490e-06 7.839439009576635689e-06 9.971559106157657450e-06
5.761617937306926815e-06 6.941352929653414741e-06 6.891163242074767223e-06 7.645395678801654310e-06 7.767821836944401495e-06 9.893979341233278773e-06
5.708253879556743884e-06 6.894434289017874708e-06 6.827275988539436723e-06 7.593610006962755967e-06 7.700243404156707755e-06 9.780778735580766513e-06
5.655639371217817374e-06 6.847109062253153688e-06 6.768008770259462799e-06 7.555648855833535483e-06 7.621161257589625927e-06 9.635058884632294652e-06
5.603814335713984869e-06 6.799831394274249631e-06 6.711407438533956765e-06 7.507978278517195063e-06 7.561516396184169651e-06 9.508709743159210421e-06
5.552673038131247788e-06 6.751878244316483653e-06 6.658835634868148605e-06 7.453917610294951316e-06 7.501643103652104902e-06 9.416685081612151102e-06
5.501188183553204803e-06 6.703643462594789048e-06 6.608637135346017464e-06 7.409752402475069975e-06 7.440812750646679015e-06 9.304266306136025412e-06
5.449020236567583200e-06 6.655077403384842123e-06 6.562796338160365500e-06 7.369142939093908323e-06 7.381799961224130380e-06 9.142836813847627958e-06
5.396395215136410230e-06 6.606434445262954055e-06 6.518715951796222721e-06 7.321763223500765068e-06 7.315363528410633235e-06 8.995174151005392015e-06
5.342776261604636765e-06 6.557915489046697029e-06 6.477065464242415191e-06 7.280292625195287917e-06 7.255868031466221366e-06 8.845238457853324377e-06
5.288625836649082809e-06 6.509349246565470516e-06 6.439700652262477487e-06 7.236268715838129555e-06 7.202442870655353349e-06 8.710928991163932773e-06
5.234872290254307791e-06 6.460907950668340849e-06 6.402396433311597985e-06 7.184694495023550106e-06 7.153509827422730809e-06 8.560855421558402688e-06
5.181456370314351064e-06 6.412781313397947208e-06 6.363437434176486918e-06 7.123494015279388374e-06 7.113653417410169005e-06 8.438456466150515237e-06
5.128210130106364033e-06 6.365030250349679216e-06 6.326149254850128461e-06 7.043516229354269719e-06 7.067862909633728603e-06 8.349987638544238087e-06
5.075554669434181406e-06 6.317556151082765442e-06 6.291227905248659133e-06 6.982049029366470605e-06 7.023744647157270350e-06 8.203166860994366003e-06
5.023768180854464240e-06 6.270513714655162962e-06 6.256173729028995014e-06 6.936798413737003663e-06 6.983868634979799958e-06 8.092042004709477438e-06
4.972726388052709438e-06 6.223960156033228181e-06 6.219652607397864569e-06 6.890696269777986911e-06 6.947201715684828393e-06 7.971922515725214683e-06
4.922286491260371671e-06 6.177778197573038923e-06 6.182190072860586595e-06 6.837238049786641835e-06 6.912995523115523953e-06 7.833863219453599016e-06
4.872291703441745469e-06 6.131732103711484992e-06 6.146210577838153771e-06 6.780245008603226907e-06 6.879339583415635309e-06 7.718410712392440081e-06
4.823075295076426399e-06 6.086016792433717902e-06 6.111705997832936536e-06 6.734257609037184654e-06 6.847170090439383079e-06 7.608564579410265311e-06
4.774388856712443433e-06 6.040480022923180967e-06 6.075873440774422671e-06 6.686484366460589086e-06 6.813995395661458855e-06 7.496149865245839501e-06
4.726404813497047999e-06 5.994954684613508222e-06 6.042049531255315340e-06 6.627897933018430289e-06 6.782721397274751113e-06 7.377551335205480520e-06
4.679117709525176932e-06 5.949643993493607169e-06 6.010309718443746764e-06 6.565601325445086079e-06 6.751901289503022811e-06 7.271636553689049345e-06
4.632576667949124638e-06 5.904480536344871669e-06 5.978368840072985287e-06 6.513007219972755694e-06 6.723654333134065767e-06 7.174674855588198365e-06
4.586624170848523366e-06 5.859454517619214591e-06 5.946479672220417986e-06 6.464881128489605240e-06 6.696033184149346330e-06 7.081745275155740045e-06
4.541318546392754967e-06 5.814563169161330874e-06 5.916524648154244344e-06 6.415138450564036836e-06 6.667592184705202295e-06 6.990206639629288359e-06
4.496725814299215568e-06 5.769745538818435229e-06 5.886205113166964473e-06 6.367705224687880044e-06 6.637855312395262105e-06 6.901050511125077576e-06
4.452605448627367456e-06 5.725138229651860582e-06 5.857867524425435634e-06 6.314720068464232742e-06 6.605936871620475519e-06 6.822053321169165028e-06
4.408930913626946739e-06 5.680783233592532103e-06 5.830976892189681363e-06 6.260920794372594862e-06 6.571379691227529576e-06 6.760109881064109839e-06
4.365783051978756964e-06 5.636779045746491914e-06 5.804809368236629653e-06 6.210289895332852550e-06 6.530739740762852857e-06 6.694245851801756274e-06
4.322851849759270881e-06 5.593112070378031465e-06 5.779530296453465964e-06 6.167658109432623583e-06 6.490442681146534867e-06 6.629201458764014385e-06
4.280088399713699647e-06 5.549903855002323531e-06 5.755567504998162544e-06 6.121023129655335702e-06 6.450642258169458572e-06 6.574948081441475018e-06
4.237749634924577485e-06 5.507392284521626981e-06 5.731102574462703057e-06 6.083892853174302981e-06 6.412235117361390424e-06 6.523438111140400744e-06
4.195895929690179261e-06 5.465481176495690377e-06 5.706079913912272875e-06 6.047200053317441240e-06 6.370640796306182728e-06 6.471106958162602173e-06
4.154737887968833013e-06 5.424143569526326209e-06 5.680499283649335580e-06 6.014662803147893696e-06 6.323622586117879338e-06 6.419096590114974345e-06
4.114834413765349512e-06 5.383274830698637169e-06 5.657158293951655946e-06 5.979676864035143013e-06 6.277760729295392163e-06 6.373738554395160721e-06
4.076345718182944162e-06 5.342922141687033373e-06 5.633556480948556032e-06 5.948688954457300234e-06 6.236333386596727611e-06 6.333751082702777765e-06
4.039203011646067844e-06 5.303092963583756562e-06 5.609368949403686527e-06 5.912863063227642767e-06 6.196713701484245286e-06 6.296425584064515988e-06
4.003115211419139921e-06 5.263678487045608164e-06 5.585266330002473507e-06 5.877228611949874556e-06 6.160233404170957036e-06 6.258931771444121888e-06
3.967946926316284562e-06 5.224619862479211613e-06 5.561992619954818606e-06 5.828199623558698233e-06 6.121559781035852871e-06 6.215847090987868469e-06
3.933538856192508602e-06 5.185992555431687988e-06 5.539426687354598265e-06 5.780144169469005072e-06 6.082561173046673718e-06 6.178027572583072533e-06
3.899897792170375766e-06 5.147861377583013895e-06 5.516322160005126183e-06 5.745653353014044212e-06 6.046002426740097917e-06 6.137906140175230751e-06
3.866653699957234094e-06 5.110117056636835404e-06 5.493922687992668255e-06 5.712740523590028849e-06 6.012835807754739633e-06 6.094357399263678591e-06
3.833524455984885970e-06 5.072632464366373473e-06 5.470163877027989241e-06 5.664244361221463752e-06 5.983134317067118273e-06 6.050694261138485418e-06
3.800355950266710079e-06 5.035360455209564754e-06 5.446642795547197678e-06 5.609618345269728741e-06 5.959199933270251917e-06 6.015171317985431833e-06
3.767257984272421855e-06 4.998286886940598045e-06 5.422690580367474134e-06 5.569166803711217080e-06 5.937359915313664419e-06 5.971176755847632817e-06
3.734340580735608945e-06 4.961409436251087221e-06 5.399479194682332739e-06 5.536316693120299147e-06 5.915568499176190402e-06 5.913269215077193945e-06
3.701579913947723286e-06 4.924830066476518140e-06 5.375322325331863701e-06 5.499943009211702449e-06 5.893785819762372558e-06 5.857906506292770110e-06
3.668983229516116216e-06 4.888692154208284986e-06 5.353244267691585048e-06 5.454302121572340998e-06 5.875106089188277893e-06 5.824969121113466239e-06
3.636542358745585884e-06 4.852961887705136588e-06 5.331759550560695519e-06 5.403386489280143676e-06 5.860541823389830644e-06 5.806511855618192310e-06
3.604261580635680356e-06 4.817983669066787935e-06 5.310341215227316443e-06 5.355158945686811194e-06 5.843427637989663997e-06 5.788868280893234242e-06
3.572234764628900128e-06 4.783955353260385970e-06 5.288476091026471520e-06 5.314458732519550862e-06 5.821865834027426557e-06 5.771057028176491254e-06
3.540554924906249442e-06 4.750771532928475981e-06 5.265562960861553983e-06 5.264964656225069464e-06 5.798094320634159335e-06 5.749270409271069891e-06
3.509248997565132304e-06 4.718599089208702563e-06 5.241138484574068049e-06 5.218267650597029312e-06 5.771981724860487378e-06 5.723301865940028906e-06
3.478311557932840461e-06 4.687375414428392177e-06 5.215532365906829939e-06 5.181945289554918131e-06 5.743254664333031760e-06 5.697115524092578199e-06
3.447737310941394605e-06 4.656858628849399237e-06 5.189633485233429217e-06 5.140994829263577357e-06 5.716955595648846325e-06 5.672546651749281358e-06
3.417521109370942110e-06 4.626828093506027280e-06 5.164083391580410509e-06 5.102894854083457370e-06 5.688004950041420720e-06 5.639277872977103048e-06
3.387657790650804813e-06 4.597086509471764822e-06 5.138395104358852954e-06 5.067788803432450274e-06 5.656013863445336603e-06 5.613959841145074156e-06
3.358142183821053074e-06 4.567656632307294797e-06 5.112685905266757137e-06 5.036637711990594321e-06 5.624969426414976884e-06 5.594436460922663543e-06
3.328969130858710836e-06 4.538407222954625376e-06 5.088436194522050188e-06 5.004173785493897680e-06 5.591263937052005376e-06 5.577906546284904846e-06
3.300133819662467785e-06 4.509397273310447879e-06 5.064879489409216037e-06 4.975226151361740584e-06 5.555405629726668063e-06 5.552186347582365319e-06
3.271631604032234285e-06 4.480728538607827573e-06 5.040973192229874418e-06 4.950004974024987980e-06 5.516517691273730922e-06 5.533123621077346433e-06
3.243457693852031398e-06 4.452327131436367632e-06 5.017231528629204898e-06 4.926275985110943719e-06 5.476668444556403130e-06 5.517974258944687321e-06
3.215607213625274621e-06 4.424127394577644892e-06 4.993476773318309103e-06 4.902113608495100352e-06 5.433111620624342828e-06 5.502457583098922668e-06
3.188075414844765001e-06 4.396214786884435805e-06 4.968853217900008926e-06 4.883086556353093976e-06 5.389703145802301257e-06 5.477682629112992997e-06
3.160857777727385869e-06 4.368665714616797666e-06 4.946882157537083673e-06 4.862766590617923649e-06 5.345786843284917686e-06 5.460600192079636902e-06
3.133949931587606809e-06 4.341339359907796966e-06 4.922274108356988775e-06 4.839133711940673250e-06 5.302669439027184528e-06 5.445218622059983461e-06
3.106867966432608850e-06 4.314243326464401866e-06 4.899389677255480998e-06 4.806350314441689800e-06 5.261979566328001194e-06 5.426127160359551799e-06
3.079735611700597926e-06 4.287370910849074675e-06 4.877736998004123003e-06 4.773743237702101970e-06 5.227671243247292031e-06 5.409904034095349326e-06
3.052545839820220908e-06 4.260686986821810573e-06 4.856473328989777294e-06 4.751601918680778095e-06 5.197459955158362448e-06 5.383197569798306899e-06
3.025149883258042082e-06 4.234064378181630118e-06 4.835253023794272592e-06 4.727304287459762309e-06 5.167422432526613002e-06 5.346506805058183103e-06
2.997557764562694573e-06 4.207507732833647755e-06 4.814352198263731801e-06 4.700187186579960295e-06 5.139484969432665793e-06 5.310918991436831208e-06
2.969537543911210127e-06 4.180996925478463540e-06 4.792728057603542635e-06 4.668387971211099822e-06 5.113224927485416710e-06 5.283007000949717110e-06
2.940917711436183065e-06 4.154641261592193410e-06 4.770879235694462501e-06 4.636739594766820049e-06 5.087735873014951416e-06 5.254676222328584614e-06
2.911807140435453577e-06 4.128452287957095327e-06 4.749442429307602841e-06 4.612018907543467490e-06 5.064388145890555872e-06 5.226159656531261834e-06
2.881860891426967287e-06 4.102295993722370725e-06 4.727384275741394882e-06 4.586751329672416064e-06 5.041917597668181250e-06 5.202636798534637704e-06
2.850875925961218822e-06 4.076117500399173790e-06 4.705614748034232015e-06 4.566121296976806399e-06 5.016152576180023573e-06 5.183067466171175951e-06
2.819050520397310453e-06 4.049838203038884264e-06 4.683603203080420071e-06 4.542117944071910527e-06 4.989962696343600472e-06 5.166988746282056338e-06
2.785997833029641243e-06 4.023384945195524226e-06 4.662168229342717013e-06 4.517710626541340630e-06 4.964187963222445576e-06 5.142840813483297356e-06
2.751443608594742316e-06 3.996820489715443519e-06 4.640926084931954005e-06 4.495058478779597163e-06 4.938485747589637730e-06 5.114359917127885751e-06
2.715759183446375102e-06 3.970063169833383034e-06 4.620199790570109625e-06 4.471998621506483029e-06 4.912073001064774884e-06 5.080056435054284132e-06
2.678870979039909397e-06 3.942798640504323322e-06 4.599620073110227200e-06 4.454837763172630375e-06 4.886733280026376359e-06 5.049794001351060499e-06
2.640565704833179585e-06 3.915076923137646498e-06 4.579062382939975372e-06 4.426724926204482546e-06 4.861402222516519383e-06 5.027681007262220627e-06
2.601222933271536151e-06 3.886982922761305484e-06 4.558811207170412839e-06 4.406964230788276345e-06 4.834576643301915923e-06 5.012131875569190418e-06
2.561009688633090756e-06 3.858447236686936113e-06 4.539619045004433441e-06 4.388715584300059518e-06 4.805586183390583572e-06 4.987400736454381522e-06
2.519607531576617134e-06 3.829329039866865277e-06 4.521138252761283629e-06 4.374305148700827676e-06 4.775846995128697748e-06 4.962724977199102943e-06
2.477438973786592926e-06 3.799718463111161610e-06 4.503793199892988272e-06 4.362993826645510081e-06 4.745980951439695650e-06 4.939861296614078684e-06
2.434880671420581135e-06 3.769872790353063532e-06 4.487338121369399445e-06 4.354574110136814550e-06 4.714505382443209743e-06 4.921515770007144347e-06
2.391867268384514186e-06 3.739870213232551012e-06 4.470988239477903036e-06 4.342108261265652091e-06 4.682195880787894929e-06 4.905451668984515174e-06
2.348215497196682761e-06 3.709864584356562867e-06 4.454509850307951773e-06 4.327296460613591011e-06 4.649887725149573725e-06 4.886571960626136784e-06
2.304242988876158154e-06 3.679954175720104449e-06 4.438206104438338952e-06 4.310867153042419678e-06 4.617391671535981276e-06 4.861373725136938156e-06
2.260164589107373027e-06 3.650282867900374653e-06 4.421592886062471191e-06 4.293452526202708119e-06 4.583628542060468863e-06 4.837767689144309509e-06
2.215945499438130986e-06 3.620942861197810012e-06 4.404912412767954464e-06 4.280765925749380753e-06 4.548885668645371211e-06 4.822818730950412242e-06
2.171692601641013833e-06 3.591972977655734575e-06 4.388406100674897099e-06 4.265741654480984474e-06 4.515060312866001620e-06 4.816103713108354740e-06
2.127656543654403667e-06 3.563496138900537080e-06 4.371898601770987097e-06 4.248053704745225326e-06 4.480922894188474983e-06 4.808613067096157799e-06
2.083956665276417880e-06 3.535478868307535079e-06 4.354970176481492533e-06 4.234477494375893488e-06 4.448416669224208621e-06 4.799910612272155440e-06
2.040453503884561786e-06 3.507874552322248099e-06 4.337512099801718727e-06 4.226346462518062999e-06 4.413901089981809684e-06 4.786963667097095909e-06
1.997196723962529901e-06 3.480795160381778508e-06 4.319276378822279209e-06 4.218111282108224084e-06 4.379453170557918912e-06 4.776313006009504845e-06
1.954272096442623918e-06 3.454314737551325378e-06 4.300649282777306680e-06 4.209723861732574823e-06 4.346600867704248490e-06 4.759431246511955782e-06
1.911686152065313445e-06 3.428415165115123558e-06 4.281532413705997041e-06 4.202126183009004568e-06 4.316142730287454876e-06 4.738981190849204340e-06
1.869390336249347376e-06 3.403172631866713560e-06 4.261598115641383547e-06 4.193268618640154921e-06 4.288735450583356428e-06 4.720805071711875339e-06
1.827351934767535930e-06 3.378695456256427340e-06 4.240623522776035587e-06 4.182114457979184043e-06 4.261959591847406145e-06 4.696455104429198830e-06
1.785665768629365414e-06 3.355017246869761115e-06 4.218947535171759350e-06 4.180644215766287231e-06 4.234842213501574175e-06 4.666934645285984948e-06
1.744353973823151474e-06 3.332118343508831730e-06 4.196854897387835819e-06 4.162575092364349137e-06 4.211050889830621102e-06 4.636093644149378272e-06
1.703351299088410033e-06 3.309929268389410412e-06 4.174591463994868011e-06 4.153260908310957415e-06 4.191607765535002027e-06 4.610468858553279013e-06
1.662641409210103922e-06 3.288501271265326292e-06 4.151730530642057741e-06 4.142136867219017014e-06 4.174620146053841480e-06 4.588163593962942559e-06
1.622296424362143709e-06 3.267757225555885726e-06 4.128326960531267005e-06 4.134634884389175317e-06 4.159590605053066260e-06 4.560311500119907663e-06
1.582268245235274180e-06 3.247526714680052215e-06 4.104549485649726028e-06 4.126845694393206223e-06 4.143703183995047752e-06 4.530235746189996392e-06
1.542582621135193253e-06 3.227711104560694383e-06 4.080106656827769424e-06 4.120930114407480002e-06 4.127251277920992935e-06 4.501288141693817890e-06
1.503262069103034163e-06 3.208156798721924309e-06 4.055415715458311423e-06 4.110438548856034505e-06 4.109691492584195939e-06 4.477967886014797583e-06
1.464227077288531147e-06 3.188838067217403700e-06 4.030881741129595580e-06 4.101913388430591240e-06 4.090775541317635633e-06 4.457107927289108144e-06
1.425522392061493603e-06 3.169720173369375110e-06 4.006406274556639537e-06 4.093672693313060224e-06 4.072598504043812202e-06 4.430343138050146210e-06
1.387136859853392266e-06 3.150704416928642131e-06 3.982465004267866640e-06 4.086177271275807665e-06 4.052979544052854333e-06 4.405155393273151242e-06
1.349066816059094352e-06 3.131769824026065786e-06 3.959178325476370667e-06 4.078339580117056977e-06 4.033569446321054427e-06 4.381057079360761624e-06
1.311257189361120927e-06 3.112888123615242902e-06 3.936675439637955029e-06 4.070395350661923524e-06 4.014922719091544169e-06 4.363391261037692939e-06
1.273680496511735332e-06 3.094014883956478744e-06 3.914883882401336248e-06 4.058662114211645787e-06 3.996360869630152499e-06 4.351073838498273811e-06
1.236342014069204357e-06 3.075166675185510522e-06 3.893505108796268963e-06 4.048220731801954251e-06 3.977041564998198469e-06 4.328382500650305707e-06
1.199247875638148921e-06 3.056278237040608882e-06 3.872083873836328993e-06 4.037019528519877651e-06 3.956170407418240553e-06 4.298188211976438722e-06
