1.161638029181944060e-01 2.330667653212938339e-01 3.322386902753048377e-01 3.586894763093696481e-01 4.547535308624268136e-01 5.281213269120641485e-01
2.763536420742139163e-02 5.643346568321928186e-02 8.043432425147330200e-02 8.697990557234132336e-02 1.093105189923994913e-01 1.284739951581189976e-01
1.169790699648252420e-02 2.422578048469074125e-02 3.445583514622339166e-02 3.755443077945192637e-02 4.659318143172583998e-02 5.540248021586341443e-02
6.301495455866920441e-03 1.319736689380737564e-02 1.857431694852855475e-02 2.086730939218907691e-02 2.522351549953907521e-02 3.032552620629228729e-02
3.891328786251176466e-03 8.203034271175869627e-03 1.129836773618677487e-02 1.330912051494806056e-02 1.559085399729348564e-02 1.896889065803347707e-02
2.622287530321060992e-03 5.543338204941667888e-03 7.568884478513888785e-03 9.277344282865107941e-03 1.049272843443951712e-02 1.286823810682270926e-02
1.877268918647180757e-03 3.970406642168464346e-03 5.361484067867500376e-03 6.818252150814132356e-03 7.500675226770969241e-03 9.236332828586176977e-03
1.403138235598697841e-03 2.966941719893056040e-03 4.007183697864404384e-03 5.173948200396851285e-03 5.615442224209617021e-03 6.905974048885949595e-03
1.087459284950886710e-03 2.289061258503399029e-03 3.115855250405255399e-03 4.038783999251352452e-03 4.354468497959443005e-03 5.324307062239390202e-03
8.683565433700058149e-04 1.811572830900669024e-03 2.488734342547207871e-03 3.223540554832360176e-03 3.470103117129802808e-03 4.220332746563203001e-03
7.118770886275051571e-04 1.463243877694839256e-03 2.032443324198077335e-03 2.638058515357654538e-03 2.822770689073039133e-03 3.414618844578815645e-03
5.946845542382373905e-04 1.200855137551589064e-03 1.688574401887198845e-03 2.204823574771498478e-03 2.334209229405815808e-03 2.810460618177283969e-03
5.046553534374983562e-04 9.992606542463795902e-04 1.424057464237644694e-03 1.860548488148537280e-03 1.957250444892625566e-03 2.351729886132317149e-03
4.340338317472699722e-04 8.420041868446615256e-04 1.215867705926351261e-03 1.597075198600011103e-03 1.660029647489547153e-03 1.992139584907131385e-03
3.776417071118724311e-04 7.170643873691516252e-04 1.049819764269162943e-03 1.390241434516112937e-03 1.424322291724913758e-03 1.706683653117174564e-03
3.319443796362548651e-04 6.163209337335139645e-04 9.155146677138928336e-04 1.172939414494785296e-03 1.235867174491237733e-03 1.474993825651589379e-03
2.943455419573020085e-04 5.341923379730539054e-04 8.049766242054751759e-04 1.069032216192792760e-03 1.083069022918888230e-03 1.287076927498773810e-03
2.630473054076267370e-04 4.664219038165890200e-04 7.128973524758785507e-04 9.549621215015568175e-04 9.561715860832221189e-04 1.133577749771446297e-03
2.368091062044782517e-04 4.098307269765868099e-04 6.353911336425818257e-04 8.551580729157620383e-04 8.491334243180636123e-04 1.004814315727308588e-03
2.143299846962513509e-04 3.621243679403024301e-04 5.693848901476042087e-04 7.704416775268628113e-04 7.605578087589660776e-04 8.947378982196837940e-04
1.947342701597828464e-04 3.215929190202858638e-04 5.132289194399943140e-04 6.939165824245062354e-04 6.888721404014958635e-04 8.018006455162651975e-04
1.773743978492638141e-04 2.869939283074437542e-04 4.648655967565837256e-04 6.279594370575724074e-04 6.283895843281880802e-04 7.236015386406832034e-04
1.619151390610076336e-04 2.573815941750518194e-04 4.228864673290561797e-04 5.665613867011671124e-04 5.819755011241332758e-04 6.572161105032619946e-04
1.480654064022922573e-04 2.319304610463977117e-04 3.864204021529599165e-04 5.040381336220524974e-04 5.487401911064773577e-04 5.984627346090113341e-04
1.356074022490031403e-04 2.098840029528365955e-04 3.546326249152315568e-04 4.516347707863612978e-04 5.182873377396884093e-04 5.474765471611347340e-04
1.243065609901150646e-04 1.906755098642816946e-04 3.265869876140221591e-04 4.069324815200869730e-04 4.923401667574040744e-04 5.022231757204039318e-04
1.141390339594324199e-04 1.738668289018100159e-04 3.021857003932589686e-04 3.701867362099860365e-04 4.646926385470591435e-04 4.616751476425261214e-04
1.051407461299702807e-04 1.590377280726003393e-04 2.803139386766073876e-04 3.419086370577071850e-04 4.340730162611115871e-04 4.256928612670105396e-04
9.727195743785986743e-05 1.458695128828166158e-04 2.605703652142530528e-04 3.163379772878209583e-04 4.060794777749032443e-04 3.936262576251271794e-04
9.045699019304806921e-05 1.341270442808656751e-04 2.429000232270036761e-04 2.934535500888812358e-04 3.804664891286455583e-04 3.653358829532605254e-04
8.443138268255214254e-05 1.236010950146596173e-04 2.267773544600228304e-04 2.739894833239726771e-04 3.570866973190402953e-04 3.399559873286341267e-04
7.909959418839523275e-05 1.141628959869592908e-04 2.120128840700398606e-04 2.561742175072205855e-04 3.356821944315625003e-04 3.172482305206390449e-04
7.427075696492229501e-05 1.056802684050627065e-04 1.986013411937996857e-04 2.396790468050135259e-04 3.161301209635305033e-04 2.965301831721617190e-04
6.983692688597111951e-05 9.803297609270933063e-05 1.863320335546592046e-04 2.247853404202239348e-04 2.977775966575756605e-04 2.774357040294886541e-04
6.572823114559047948e-05 9.111770667437136585e-05 1.750526929405230806e-04 2.111859403991300863e-04 2.819413661024799999e-04 2.601154317330890025e-04
6.192207363441247232e-05 8.489030565824821895e-05 1.646723136836990091e-04 1.988896046578563631e-04 2.660855637429929859e-04 2.459485671345688646e-04
5.845148484265634553e-05 7.930795578969718933e-05 1.549352278350713723e-04 1.878835267578201056e-04 2.483416732985544557e-04 2.352340348444429416e-04
5.531479463745202349e-05 7.428104116819685154e-05 1.458625819773108460e-04 1.778837216417080509e-04 2.343721857867641723e-04 2.260168920208211938e-04
5.244412015496904459e-05 6.973058350062337322e-05 1.374869088165954977e-04 1.691019589974051749e-04 2.183395805529914069e-04 2.173196570794238820e-04
4.983034720902171545e-05 6.560693777141471600e-05 1.296045393284204529e-04 1.601544741489273945e-04 2.021607724956585620e-04 2.178749257184089461e-04
4.744189093274507504e-05 6.187554822285471271e-05 1.221683312928498427e-04 1.533121833989423122e-04 1.875585466074842058e-04 2.169625446690468581e-04
4.526599190890286833e-05 5.849699379278508807e-05 1.151805964720447483e-04 1.453152896508178710e-04 1.735482643701614632e-04 2.087778677359414204e-04
4.327757407005171456e-05 5.541540759187190589e-05 1.087717044229766071e-04 1.383247097906953208e-04 1.632373703530071011e-04 2.020696626381628797e-04
4.145458504966304615e-05 5.259655185581262992e-05 1.027502868478681483e-04 1.320501978737727170e-04 1.556546586940390890e-04 1.943057802502906237e-04
3.972089927509298929e-05 4.997145884688918813e-05 9.720387426339951987e-05 1.262480008093424763e-04 1.485977022850559965e-04 1.878199214044740529e-04
3.806873170258599461e-05 4.750920493886628076e-05 9.210042937968793554e-05 1.207482160430453411e-04 1.418723381482561675e-04 1.801661573585135851e-04
3.647360374026195476e-05 4.523658910589817641e-05 8.734072852111153399e-05 1.156810889695101369e-04 1.356486315678481899e-04 1.735594285976701818e-04
3.495880363847614564e-05 4.316383339338776776e-05 8.283883568316156853e-05 1.109275616916535469e-04 1.297508952637960221e-04 1.670250400631336451e-04
3.353826059633507542e-05 4.126666534167296548e-05 7.859524351976213748e-05 1.064520021469707556e-04 1.242475551098631240e-04 1.580078693143874768e-04
3.220576634561325718e-05 3.952319079174367185e-05 7.460216056953634716e-05 1.024472437948944863e-04 1.188226010684557043e-04 1.509049394747731944e-04
3.094502359069155708e-05 3.791188348965946603e-05 7.083781869234755720e-05 9.889508068926843921e-05 1.135259236194597851e-04 1.435874032439571932e-04
2.975149383126163307e-05 3.645415088510024499e-05 6.724511625351836522e-05 9.503106878743280007e-05 1.085331904538206822e-04 1.366846655682067571e-04
2.863584690241124340e-05 3.513353968443012453e-05 6.379977391473167414e-05 9.180190145808712942e-05 1.038747232457188502e-04 1.298499496522582757e-04
2.760107976947246617e-05 3.390827415358482457e-05 6.057722342977101530e-05 8.863845587647810158e-05 9.962535240988254861e-05 1.230163541271740257e-04
2.663167124952244707e-05 3.275652886465793475e-05 5.756622403422693800e-05 8.542793847828661304e-05 9.585648524609379319e-05 1.167857031089244632e-04
2.571470251248233810e-05 3.166729748000338579e-05 5.474197654140442506e-05 8.240080721497023797e-05 9.233867382655001367e-05 1.112385588828809953e-04
2.482536707669030638e-05 3.063574237890718903e-05 5.209761915724185399e-05 7.917421932126257860e-05 8.892291859269838038e-05 1.061950599157899085e-04
2.395730797316232726e-05 2.965827460552049536e-05 4.959940028968952159e-05 7.666195609927213116e-05 8.570388989475084080e-05 1.015963788720216813e-04
2.312621916524694031e-05 2.873664652120595008e-05 4.722586859220455932e-05 7.400590350007319915e-05 8.263137761538931784e-05 9.749743957110514709e-05
2.234144635128520212e-05 2.786828196242858603e-05 4.499819988291182244e-05 7.149938327855153016e-05 7.970456197300812139e-05 9.392083463238946894e-05
2.160051180032524767e-05 2.705164070983894260e-05 4.286869304553439660e-05 6.905506750573161786e-05 7.698254567782863609e-05 9.056134314098298341e-05
2.091170984441645536e-05 2.628230377711356463e-05 4.084994861534361994e-05 6.672592380561155265e-05 7.448980547880791798e-05 8.745578495408860798e-05
2.026827628033355810e-05 2.555512067452421487e-05 3.893348681980044926e-05 6.445501523785351916e-05 7.216355995017213352e-05 8.436508417970749868e-05
1.966190106696169326e-05 2.486057567084624741e-05 3.713257250701976079e-05 6.228729312216738914e-05 7.002973267640015792e-05 8.158978943860787595e-05
1.908688331977982544e-05 2.419570757241441871e-05 3.543781334397324634e-05 6.019740624624660331e-05 6.794204450127035231e-05 7.878667851577954642e-05
1.854137897794618019e-05 2.355654990552186778e-05 3.384853249183254764e-05 5.819504105373002372e-05 6.617368375886890615e-05 7.611321987817353787e-05
1.801230346183258348e-05 2.294756408462270649e-05 3.235083978766762876e-05 5.623191390797761325e-05 6.446399994884670262e-05 7.365927407833914675e-05
1.750753131937935925e-05 2.236446750251276408e-05 3.094224746888037195e-05 5.432552331404986214e-05 6.277027777025774688e-05 7.129294293430540603e-05
1.701281745587408833e-05 2.179857005985490854e-05 2.959367242758243608e-05 5.246666697813067999e-05 6.128399014917913507e-05 6.901038343621060335e-05
1.652314011727004848e-05 2.123374278893815027e-05 2.835816577005308858e-05 5.073474318678739881e-05 5.992144790022439424e-05 6.675588594807005394e-05
1.604210394267387507e-05 2.066821283057165059e-05 2.721371180429469722e-05 4.909032736557121442e-05 5.854245779575663518e-05 6.434587713526551071e-05
1.557471113316095720e-05 2.010799362062170328e-05 2.617370523283332810e-05 4.753213865840967637e-05 5.718068479371027417e-05 6.225819543417657231e-05
1.511778494874155061e-05 1.955401700631893285e-05 2.523937182799764864e-05 4.602823343884150648e-05 5.583721375771874757e-05 6.069118082179065176e-05
1.469252564840248318e-05 1.901199141126584522e-05 2.437252976255539037e-05 4.458743748795148347e-05 5.445869227492768972e-05 5.876552874280909552e-05
1.428713956990193830e-05 1.848383729924182775e-05 2.358649615111253886e-05 4.311959708316332590e-05 5.308789981032098856e-05 5.716299941439887409e-05
1.391019542282353535e-05 1.797357267627173891e-05 2.285882755317483850e-05 4.160263623379103988e-05 5.178408335667685771e-05 5.551982648115890313e-05
1.356313510622128045e-05 1.748211336408780393e-05 2.219409902469771765e-05 4.022944038818500231e-05 5.056294880522997528e-05 5.400074959785547846e-05
1.324529903008291958e-05 1.702549995090665974e-05 2.153940253197832893e-05 3.885020703014824918e-05 4.936764029558478556e-05 5.254734886884942141e-05
1.295092330012078286e-05 1.659773372284926621e-05 2.090985736373559553e-05 3.751903212852860861e-05 4.818698894845190706e-05 5.106704414721884380e-05
1.267950007530168249e-05 1.619857711314359971e-05 2.030734571104675183e-05 3.626376636541684762e-05 4.703494546142017717e-05 4.980832991448973788e-05
1.243727218738243149e-05 1.581973355464629872e-05 1.972685124162925190e-05 3.503270200767499230e-05 4.593710123323608576e-05 4.869232726708552957e-05
1.221598935443073461e-05 1.545797129618163533e-05 1.917320825970424191e-05 3.385828763604955432e-05 4.482358988108828518e-05 4.756860235747839967e-05
1.201049015963190608e-05 1.510599190975839948e-05 1.863102007577053918e-05 3.278173928843319563e-05 4.369313523296220153e-05 4.654653398077224230e-05
1.181939917439603326e-05 1.476247151574404710e-05 1.809369523002594116e-05 3.174043551325041998e-05 4.260120389138195542e-05 4.568063226175522919e-05
1.162912991989006219e-05 1.442571773934883684e-05 1.755918543764415835e-05 3.071442326367411415e-05 4.146189858722296309e-05 4.481529504952976777e-05
1.145203849428011537e-05 1.409591076405889302e-05 1.712128268678767538e-05 2.978117485595000965e-05 4.041843370048542848e-05 4.389974873348479302e-05
1.127784545208969567e-05 1.377484979594833568e-05 1.669523171319852673e-05 2.881013084427106342e-05 3.936793397822499805e-05 4.298536519008023209e-05
1.111263375322228268e-05 1.346095137708383135e-05 1.629239428271160537e-05 2.786800363538656592e-05 3.837027737496220522e-05 4.230552793214205609e-05
1.095152936301366517e-05 1.315778690179147041e-05 1.593062241968988007e-05 2.695451586361309734e-05 3.737619665409834269e-05 4.156866115631146070e-05
1.079469755566469797e-05 1.286568359805118993e-05 1.560610901492547016e-05 2.600966566964555606e-05 3.642634513817240229e-05 4.094778694168701858e-05
1.063149807028258011e-05 1.258349354261987689e-05 1.531709687174489479e-05 2.511336952442572889e-05 3.550574322430701522e-05 4.027502061274518361e-05
1.047031564409807449e-05 1.231306589482269351e-05 1.503924303012742633e-05 2.429873997327413969e-05 3.461069318262874464e-05 3.943505574871673683e-05
1.030382469554342059e-05 1.205764814570261047e-05 1.476479506814983248e-05 2.336718731262236784e-05 3.379130602064824338e-05 3.874315410348319372e-05
1.013741459165373051e-05 1.181625155734614783e-05 1.449504448482305443e-05 2.255168271937290551e-05 3.301498571427956101e-05 3.806886908135870642e-05
9.971826454574442080e-06 1.158640076836186176e-05 1.423683488880658811e-05 2.171599993553335927e-05 3.226206609689994336e-05 3.729557434230144154e-05
9.806948138724559601e-06 1.136470568255242374e-05 1.398417705284494338e-05 2.098674511667119561e-05 3.152508945130402373e-05 3.661167829793494905e-05
9.649413756876971140e-06 1.115125347316696074e-05 1.373433068652798156e-05 2.024301349759543211e-05 3.078716257168931419e-05 3.591886058845332767e-05
9.495881811538426007e-06 1.094522796988343500e-05 1.349270576853527418e-05 1.955975977388326308e-05 3.005661174007396647e-05 3.526796204955532835e-05
9.343936139188940368e-06 1.074516547767383681e-05 1.326802014103024073e-05 1.894497029231615939e-05 2.933150168635512180e-05 3.463238949066027448e-05
9.193000422420734771e-06 1.055149836788677342e-05 1.304997379039090358e-05 1.827723229756938217e-05 2.862481881393874321e-05 3.401081437273210641e-05
9.044572260564285240e-06 1.036148609298437063e-05 1.283485594247050921e-05 1.765728229592619850e-05 2.795286646957559264e-05 3.332149454769951286e-05
8.899812844942421044e-06 1.017502877901048742e-05 1.262934284630525557e-05 1.705559087719550501e-05 2.730277541988787647e-05 3.267755595509298972e-05
8.759300457274444182e-06 9.990551764491453223e-06 1.243874297944058352e-05 1.650707655407494142e-05 2.667197170987530981e-05 3.201293693672541330e-05
8.621229439957538027e-06 9.808059940436288150e-06 1.225739704423707396e-05 1.579009908426084579e-05 2.605004484466048249e-05 3.138146541526099431e-05
8.486399864261351281e-06 9.629478918926199881e-06 1.208536500265392578e-05 1.523629704428521378e-05 2.543171062810363107e-05 3.077344605505073630e-05
8.347270875309473670e-06 9.455123266945851854e-06 1.192099389794371082e-05 1.490548485427235260e-05 2.481425575465041200e-05 3.016771065071194676e-05
8.205155030971235451e-06 9.285233413546772926e-06 1.175701299031269762e-05 1.449573996624648945e-05 2.418254567263946562e-05 2.953981144657156669e-05
8.059571437942121213e-06 9.121842855779805406e-06 1.159574908546453390e-05 1.408227243827887291e-05 2.356055580438740616e-05 2.893078598752253308e-05
7.912529716182813277e-06 8.965606093927718076e-06 1.143598389772354973e-05 1.368956179354847498e-05 2.296045239829104320e-05 2.833087771200716815e-05
7.765118068583629727e-06 8.817510924872551606e-06 1.127738205231250637e-05 1.330138562516087451e-05 2.237461609200725100e-05 2.773651359564104616e-05
7.618247497957553801e-06 8.676622129139289680e-06 1.111949158354328235e-05 1.292437153383011796e-05 2.179624743880506768e-05 2.715996602470761005e-05
7.473384884508539209e-06 8.541484651583803689e-06 1.096156744393003705e-05 1.257888152081915863e-05 2.122992261554079263e-05 2.660433372223908405e-05
7.332202391477628077e-06 8.411451611648098549e-06 1.080277700698573285e-05 1.227007650570982066e-05 2.067239255745152241e-05 2.609006045449975303e-05
7.192234698087673645e-06 8.286730056592805723e-06 1.063033693433507187e-05 1.197206972527953727e-05 2.010895887274906932e-05 2.558097902233636429e-05
7.057036123143441012e-06 8.166794111045707399e-06 1.043882004897094603e-05 1.171161278369981705e-05 1.954434773129261414e-05 2.506746699377179708e-05
6.926622103766923238e-06 8.052019991054827107e-06 1.024954801161992866e-05 1.150307306525638506e-05 1.899390142903422982e-05 2.458604515967280989e-05
6.800503770899702579e-06 7.938960242765994040e-06 1.005227666251887092e-05 1.128738949853431891e-05 1.848166971426076126e-05 2.415321790114540408e-05
6.679222430641308745e-06 7.827904436054440972e-06 9.863067300601942297e-06 1.106363827508359990e-05 1.800196442758884841e-05 2.368497866400105448e-05
6.560031123621961268e-06 7.717518319759655013e-06 9.670494094406372482e-06 1.084645255236151544e-05 1.752546080529418998e-05 2.323698291062096629e-05
6.444921540087584594e-06 7.607067560904705342e-06 9.483776658726670808e-06 1.067574076632299059e-05 1.706123623182147293e-05 2.281456960871057672e-05
6.332528107585083279e-06 7.498533816469385985e-06 9.308064065611661403e-06 1.051832326337882188e-05 1.659662339514279695e-05 2.237145985349438430e-05
6.223145842903562901e-06 7.392114688458066784e-06 9.149205980712309488e-06 1.035806856855261138e-05 1.617064173263825372e-05 2.193532005075175229e-05
6.116107608860285887e-06 7.289082995880204085e-06 8.998226592543366123e-06 1.019464203829312338e-05 1.573001440996030944e-05 2.150837082124547662e-05
6.012728959103330990e-06 7.189063832569425951e-06 8.860154083043768607e-06 1.005846411503604282e-05 1.527663274879553947e-05 2.108842136121110884e-05
5.910096860527046353e-06 7.091945675170622513e-06 8.730937727293728025e-06 9.925782011932110605e-06 1.481579081240628339e-05 2.067388366649369760e-05
5.808251528596350447e-06 6.998666991513073074e-06 8.610990173791448999e-06 9.785207607995888922e-06 1.436768356096894997e-05 2.028068636261024990e-05
5.708534376493461738e-06 6.909852566528757560e-06 8.495329011076914929e-06 9.661716954137567948e-06 1.392810961276050962e-05 1.992725929902955853e-05
5.610644116998808183e-06 6.824892744789928968e-06 8.378552237913118440e-06 9.544074156329352329e-06 1.349080911679303555e-05 1.958415261841453656e-05
5.514451155054888844e-06 6.742979996144082347e-06 8.262073137312339504e-06 9.415932785774318292e-06 1.307343526807299527e-05 1.922343170195321631e-05
5.420905332073676112e-06 6.664538075902917261e-06 8.146102654100295814e-06 9.295601157659838935e-06 1.266879335320553982e-05 1.886548736637058471e-05
5.329872225875530456e-06 6.587911326489655202e-06 8.029672025544520235e-06 9.189292826473152042e-06 1.229819381522730167e-05 1.848691197596014478e-05
5.241174297497005201e-06 6.513305200407059663e-06 7.912900725419349984e-06 9.088548584880951902e-06 1.194062984057233032e-05 1.807724029153816243e-05
5.156399643126465366e-06 6.439076873136076019e-06 7.797061643747889591e-06 8.996172659634063849e-06 1.160998370824524441e-05 1.765892983133645835e-05
5.072875289314821603e-06 6.365710560408094621e-06 7.683375025116497023e-06 8.906400307836409805e-06 1.131122708746508452e-05 1.726122904592923603e-05
4.991931497576376087e-06 6.292461625564870521e-06 7.572985804301995116e-06 8.826762210647879253e-06 1.102283537437606181e-05 1.689636715191125210e-05
4.913897251231547424e-06 6.219419023408612279e-06 7.465112644610906020e-06 8.755939387071953053e-06 1.073677609258884412e-05 1.651428321286188238e-05
4.839824865582239975e-06 6.144989965960279084e-06 7.361313268184650212e-06 8.675933031702801325e-06 1.046535658431235933e-05 1.612928073755629714e-05
4.768117154202611448e-06 6.068856034717896000e-06 7.263508416751843418e-06 8.552024713379099543e-06 1.019646487196541751e-05 1.578689884506203112e-05
4.697712824525780320e-06 5.991916292615711200e-06 7.173473858063727209e-06 8.448185068523166833e-06 9.950169839928174050e-06 1.540327852497629441e-05
4.632405483422497903e-06 5.914031079522710194e-06 7.088031075871113999e-06 8.333548420807105310e-06 9.701043265664955259e-06 1.505835950120105433e-05
4.570994452816505602e-06 5.836376042930956816e-06 7.004412311792254153e-06 8.274633582575051936e-06 9.441822216175256281e-06 1.468963497978117092e-05
4.511693243124276344e-06 5.760114817774669213e-06 6.923878876210044614e-06 8.221125760320027896e-06 9.216935228890266461e-06 1.429731303278865390e-05
4.456384352430508945e-06 5.685733009926385781e-06 6.845124221439230197e-06 8.138306756008034974e-06 9.037348055133827184e-06 1.395122325507261075e-05
4.403739999519942507e-06 5.614259454225385580e-06 6.769893200905272472e-06 8.045873133229830708e-06 8.830064948312068822e-06 1.359620151462670161e-05
4.353681998570265409e-06 5.545280895532498193e-06 6.700961668452977292e-06 7.991781003913575105e-06 8.631393174264549644e-06 1.325865909138721322e-05
4.308822423788948365e-06 5.478290386221816951e-06 6.632115838058959907e-06 7.937975704604371580e-06 8.418568110845547149e-06 1.300352566878232432e-05
4.268975838701355918e-06 5.413832649445387612e-06 6.559732411267490464e-06 7.860647467726756060e-06 8.222933897378296040e-06 1.276292961576231587e-05
4.235291776141693100e-06 5.351293023735467390e-06 6.484185298400856999e-06 7.784705698943917743e-06 8.029616246970001822e-06 1.252158819747139073e-05
4.207546395864662885e-06 5.291504993585491913e-06 6.409561426683055892e-06 7.704949345692416695e-06 7.841856189589983478e-06 1.229341727530521815e-05
4.184455516041949641e-06 5.234884288927799470e-06 6.335850832396231134e-06 7.638079069763034350e-06 7.656792891196778300e-06 1.193253370074076711e-05
4.162973344006158427e-06 5.180168696375566704e-06 6.259080550199167824e-06 7.575242511888423700e-06 7.502163961421412405e-06 1.156211235041736778e-05
4.141674512177161557e-06 5.125713492631696981e-06 6.184463109743627741e-06 7.497221397441263919e-06 7.382025225610800677e-06 1.133709477635600705e-05
4.120257455240494362e-06 5.071945891275929679e-06 6.105399958582258154e-06 7.416366629418218088e-06 7.284662327317185179e-06 1.104540113397742428e-05
4.097775308373162665e-06 5.017156727879192512e-06 6.026230381039344670e-06 7.335763656342868361e-06 7.210818117913515747e-06 1.072292750051654492e-05
4.073338639898478033e-06 4.962206588101531590e-06 5.949999091647036590e-06 7.236872840387876566e-06 7.152653674721909685e-06 1.045691281287101000e-05
4.045682503628809971e-06 4.908763877522869685e-06 5.873868088522612619e-06 7.140639550733133675e-06 7.107777648968443442e-06 1.018257252474193521e-05
4.018444961235571164e-06 4.855846223405239851e-06 5.799374576375274565e-06 7.042269238452743250e-06 7.067675114086633094e-06 9.929899623230413721e-06
3.990576901327705531e-06 4.806256059311002543e-06 5.723127292053212939e-06 6.935643339350732535e-06 7.041499204983118445e-06 9.684840204352960057e-06
3.960096694714156000e-06 4.756883122513781081e-06 5.648196495220871541e-06 6.828503118112152683e-06 7.025101789086589966e-06 9.461482071575788260e-06
3.929840651414068902e-06 4.708509993339509481e-06 5.573102360488262971e-06 6.728148473270522820e-06 7.022979380113660479e-06 9.266089596755113834e-06
3.898293233205188574e-06 4.660975807620972501e-06 5.503804210098419679e-06 6.627273835824573987e-06 7.009892817660179273e-06 9.043898890431892706e-06
3.863353937718672962e-06 4.613529428459865605e-06 5.440042850406333367e-06 6.531127724177451087e-06 6.991677686420319837e-06 8.795669291235200729e-06
3.826101167109601180e-06 4.567028055136767319e-06 5.378060308786892578e-06 6.441526935617001724e-06 6.962703966815792299e-06 8.580465172682331335e-06
3.786260122973699568e-06 4.522672064304158740e-06 5.319436667833767960e-06 6.355093558788028706e-06 6.932583668212172398e-06 8.386623318499544858e-06
3.742159469892142718e-06 4.479285263464927119e-06 5.263033642703211949e-06 6.271715330593253347e-06 6.899797384309930444e-06 8.197375674137863212e-06
3.694807462201950800e-06 4.437713462950531701e-06 5.208213165674549684e-06 6.200275008816966382e-06 6.857010975615512008e-06 8.004966539087787631e-06
3.644804928286704886e-06 4.397591322935806775e-06 5.153469800443141815e-06 6.131560883265341079e-06 6.807652368468076405e-06 7.818507604663143610e-06
3.594527315572501669e-06 4.356892398948564572e-06 5.102116359942862420e-06 6.063345532344418452e-06 6.757165020316636192e-06 7.643283725792590210e-06
3.544831654669578463e-06 4.316010768520161179e-06 5.053574708056600793e-06 5.990783323441106017e-06 6.707501135241484153e-06 7.475681385761489373e-06
3.495136436570548090e-06 4.275510784657478964e-06 5.006974049328188710e-06 5.918389359032214353e-06 6.657684660708072593e-06 7.316780791737523730e-06
3.446650059784059613e-06 4.235504876524830767e-06 4.961789608240020414e-06 5.870550907533093807e-06 6.608890884658757764e-06 7.165336297499417070e-06
3.400617171478708110e-06 4.196358237789116415e-06 4.917613410928068042e-06 5.828772282401703715e-06 6.562130033587320177e-06 7.023137557596534296e-06
3.357168067088022089e-06 4.158817066243564924e-06 4.871133485015597330e-06 5.773441781398224397e-06 6.517958165541531742e-06 6.884360854970881214e-06
3.315875404915017526e-06 4.122612282209117619e-06 4.823574343151142512e-06 5.697923558750972019e-06 6.478707453054483007e-06 6.755017443237810829e-06
3.277124896956464553e-06 4.086998595310940807e-06 4.773906648514402812e-06 5.626239254573272647e-06 6.444842928934000763e-06 6.631045869660708535e-06
3.240951237426940188e-06 4.052024034304534667e-06 4.724074493564324605e-06 5.561656017761195956e-06 6.411524991156129415e-06 6.507136233962166285e-06
3.207233610408092982e-06 4.017035348817480540e-06 4.674626054516302961e-06 5.501197245399963040e-06 6.380366658159569047e-06 6.387947144155192727e-06
3.175039689437646642e-06 3.982287090606736839e-06 4.625333014601418070e-06 5.443593756983109288e-06 6.353633708105376320e-06 6.284099242473637219e-06
3.143429433204947019e-06 3.947416695463454707e-06 4.577241435700299360e-06 5.390852712116369528e-06 6.325490037740622746e-06 6.192925364736708314e-06
3.112437138268416996e-06 3.913077453179665127e-06 4.529781671721848599e-06 5.338016165527506340e-06 6.290723880085738354e-06 6.098435422059473449e-06
3.082994809769945830e-06 3.879499003768017228e-06 4.482058157174409569e-06 5.283497252168158156e-06 6.251244305757759550e-06 6.006650965696114039e-06
3.054894724974177772e-06 3.846625949959399223e-06 4.435104200823806554e-06 5.230393098699799233e-06 6.209431067913097642e-06 5.929324370897390136e-06
3.027034048175746460e-06 3.813744022360783765e-06 4.388068645122357343e-06 5.178886321883572588e-06 6.167997320584677708e-06 5.853394339854216259e-06
2.999726850614630443e-06 3.781672978213913258e-06 4.341994059900992167e-06 5.132316793339855250e-06 6.126503606243506169e-06 5.777230358179169219e-06
2.973517683293187616e-06 3.749258115695845231e-06 4.297604176633931373e-06 5.084091497767411132e-06 6.089745743979685853e-06 5.711412891268945169e-06
2.948362616026858070e-06 3.716726693524579446e-06 4.258493392224680288e-06 5.030248484487735800e-06 6.034852606032293814e-06 5.654735368453386895e-06
2.923916480684216416e-06 3.684243592418509207e-06 4.221211510601134157e-06 4.972621563598920076e-06 5.980962320449407413e-06 5.621894675208988196e-06
2.900161711282192319e-06 3.651507430413932038e-06 4.186902361096376340e-06 4.912772155892717352e-06 5.913689779675692690e-06 5.604868633056267068e-06
2.876277260516485101e-06 3.618682596700656067e-06 4.154265055952873265e-06 4.872745651997677394e-06 5.841788870783928343e-06 5.610622498485304343e-06
2.851719578041298176e-06 3.585396993524507797e-06 4.122097086895832749e-06 4.837157951006737799e-06 5.765072702323295907e-06 5.626782625923311689e-06
2.826368473342425393e-06 3.551865969174835161e-06 4.089417373901650049e-06 4.796050763454197626e-06 5.674298149177782889e-06 5.630898436032066544e-06
2.800324573630994008e-06 3.518628930662380386e-06 4.057296408619811053e-06 4.756298949314875174e-06 5.582662253331699912e-06 5.629235405659905404e-06
2.773614082326081483e-06 3.485367241998270023e-06 4.027924181871187314e-06 4.722302350918200584e-06 5.489779689355046411e-06 5.630721208811198370e-06
2.745870169184181743e-06 3.451984111282866449e-06 3.995890714179437285e-06 4.696063213299892108e-06 5.402004132812437864e-06 5.628846389715923932e-06
2.717364982296518966e-06 3.419031191721783419e-06 3.964365715802805059e-06 4.658706889927414543e-06 5.324164498672370898e-06 5.627795007774145685e-06
2.688442761258524581e-06 3.386713461226918993e-06 3.932777427070779157e-06 4.615951637820160979e-06 5.252331118418398808e-06 5.649663235445070950e-06
2.659414738088590961e-06 3.355015031999118199e-06 3.900021234493462424e-06 4.579070991604744502e-06 5.183948699105507463e-06 5.616642084136299800e-06
2.630219219185618564e-06 3.324143135899562069e-06 3.867856496389168872e-06 4.539266024121684215e-06 5.122510801931352730e-06 5.592771340189170259e-06
2.601092095537981736e-06 3.294073423101213857e-06 3.832829906947630630e-06 4.503319951450056340e-06 5.071342563176433119e-06 5.565298327116922169e-06
2.572372578103626414e-06 3.264531868378196634e-06 3.798214817830000569e-06 4.465348298958838668e-06 5.026955320303969658e-06 5.540986461752267630e-06
2.543945222688692252e-06 3.235369322182122111e-06 3.762626797560864869e-06 4.433241192321684155e-06 4.987530829590959664e-06 5.526346430876006560e-06
2.515740389983078914e-06 3.206569053914219818e-06 3.727857099250179058e-06 4.406011363290011024e-06 4.949766811388116867e-06 5.499206451959621847e-06
2.487708407521620278e-06 3.177862513778441449e-06 3.696678326990090513e-06 4.377485771160763641e-06 4.913162014630075923e-06 5.468081559715627561e-06
2.460008142461306690e-06 3.149275674342931583e-06 3.664586978516219164e-06 4.347558387264672835e-06 4.876485768322251846e-06 5.439212734101550122e-06
2.432782019643513292e-06 3.120935372754631010e-06 3.634726967690198655e-06 4.316836803814843681e-06 4.842581445155628272e-06 5.412601936835907060e-06
2.405932467477944958e-06 3.092696099302663490e-06 3.606409112505069990e-06 4.277030488787236167e-06 4.810424881331773993e-06 5.378391164870587836e-06
2.379107145459258504e-06 3.064597428842530802e-06 3.580116603552308275e-06 4.244507817954032330e-06 4.779286753514338566e-06 5.349179297086948075e-06
2.352469728592495960e-06 3.036548720078000066e-06 3.556755296226239559e-06 4.203775902677225212e-06 4.744448238809503158e-06 5.325929757794461382e-06
2.326240954483883635e-06 3.008255266917161133e-06 3.534428017847411020e-06 4.166451685784767357e-06 4.706949325714645805e-06 5.291026330253529924e-06
2.300114377623391860e-06 2.979929286529174285e-06 3.516014055583666411e-06 4.127654594601376162e-06 4.667751622468275037e-06 5.261427588429381174e-06
2.274001612843049859e-06 2.951466003854877377e-06 3.496583209329519620e-06 4.091956433633102699e-06 4.625874784748541703e-06 5.236477268778911049e-06
2.248026826631262336e-06 2.922671868151833202e-06 3.477178186201894322e-06 4.058810710923255001e-06 4.582158345642336347e-06 5.201620911608785908e-06
2.222474396490097691e-06 2.894193686028925256e-06 3.463725239424067199e-06 4.025404236134365836e-06 4.537367342313618473e-06 5.165202922349332819e-06
2.197413042892085364e-06 2.866023868397548918e-06 3.446536253770252438e-06 3.996094378634307707e-06 4.490212589715567974e-06 5.128245947924213108e-06
2.172686354356582042e-06 2.838372768129766831e-06 3.433672057584622152e-06 3.956064834101641659e-06 4.442112978868332081e-06 5.091894006332815308e-06
2.148134644119230175e-06 2.811254034428726573e-06 3.421360699264019138e-06 3.926866689596312271e-06 4.392755762661032917e-06 5.044934686541927030e-06
2.124258114939244797e-06 2.784915979242009864e-06 3.409092492824856754e-06 3.899781878684223084e-06 4.343718072440759452e-06 4.998454997241886983e-06
2.101575888942549586e-06 2.759381790199256042e-06 3.393022245594578241e-06 3.871980199322950165e-06 4.297021359124278983e-06 4.954558117352168740e-06
2.079862222501973063e-06 2.734480259460483849e-06 3.377206790557709256e-06 3.855278564879947716e-06 4.253058249364685426e-06 4.913307981918780108e-06
2.058654197260207733e-06 2.710416693799299903e-06 3.359560063795665969e-06 3.828868404978767787e-06 4.214125572226350955e-06 4.868175703270308427e-06
2.038046933224302484e-06 2.687084757558956773e-06 3.341180975020037836e-06 3.799711502269220341e-06 4.176339215010442849e-06 4.823631916536915567e-06
2.018238653926113144e-06 2.664230451868096403e-06 3.321038990352394327e-06 3.759117879240151512e-06 4.138646700337443591e-06 4.779105469400608414e-06
1.998882648069126981e-06 2.642156886224636919e-06 3.306635998373551862e-06 3.720854871881605137e-06 4.101012362593973330e-06 4.734852014988777952e-06
1.979836455509403368e-06 2.620938539693519141e-06 3.291618125382350207e-06 3.693808479534889079e-06 4.066793717553468843e-06 4.692111304748759197e-06
1.961088536687884009e-06 2.600361010822236836e-06 3.273793581518478405e-06 3.661471374997825284e-06 4.035285799621309657e-06 4.650226560452034974e-06
1.942627490534204859e-06 2.580473464090255586e-06 3.257091124589602805e-06 3.619821251346613250e-06 4.008374537812636514e-06 4.608325862714937733e-06
1.924441941898289603e-06 2.560968994902066894e-06 3.238746463974135424e-06 3.585948873611395992e-06 3.983345328836354129e-06 4.559938878693415853e-06
1.906520629224983869e-06 2.541448544617754518e-06 3.219964426258946022e-06 3.555140562074816333e-06 3.960195099773648463e-06 4.508262170374233014e-06
1.888852372115028826e-06 2.522138512152804644e-06 3.199765830322796400e-06 3.520718557015725481e-06 3.938166461411918938e-06 4.453917459655100101e-06
1.871426152519686676e-06 2.502807490213399208e-06 3.179363700715780147e-06 3.493914149824073794e-06 3.917382859236724259e-06 4.395861623288512062e-06
1.854231506548025775e-06 2.483437279937654923e-06 3.161261905345462706e-06 3.460495084415939452e-06 3.896458717569743103e-06 4.342336553810001356e-06
1.837260353007719473e-06 2.464184136114792554e-06 3.145418649542358777e-06 3.430126156948070852e-06 3.879650180642463909e-06 4.305478921591574363e-06
1.820505810742085865e-06 2.445111916736389822e-06 3.128814959061440130e-06 3.389542892365276670e-06 3.860969896459679727e-06 4.278521059762997157e-06
1.803961249144539971e-06 2.426459201258730552e-06 3.110996236345369058e-06 3.355108264777693329e-06 3.841153977660152897e-06 4.248802490587855492e-06
1.787620066678591119e-06 2.408282557047352133e-06 3.094700674641670975e-06 3.330247969474750688e-06 3.819697908844394088e-06 4.210436122725743668e-06
1.771478177006671055e-06 2.390737525619088229e-06 3.074827025621753385e-06 3.295598996573661541e-06 3.795515858686612159e-06 4.173360664426944591e-06
1.755532886896877697e-06 2.373680006023294179e-06 3.055668105144578836e-06 3.279031849801459277e-06 3.768823827612519972e-06 4.141536877145671787e-06
1.739781498561467290e-06 2.357234879876224306e-06 3.035465338710651152e-06 3.257006369054932234e-06 3.739700922088738261e-06 4.111390488691651047e-06
1.724221079086746616e-06 2.341304900899802592e-06 3.013550855681282112e-06 3.234046242305673972e-06 3.707857603798109751e-06 4.081180147883720563e-06
1.708848747770901374e-06 2.326012832905345035e-06 2.990489167442839183e-06 3.208689311425909087e-06 3.675962036554009492e-06 4.046731972522855737e-06
1.693661652551822057e-06 2.311158511831692283e-06 2.967634313475464614e-06 3.202512072300316802e-06 3.644346288323216947e-06 4.015990107251150320e-06
1.678656946238380281e-06 2.296827344332006271e-06 2.945376987578970158e-06 3.186066325191215998e-06 3.615746417353739687e-06 3.987751532877568600e-06
1.663831816677713457e-06 2.283242032443791069e-06 2.921265789356163990e-06 3.180964372572896717e-06 3.584059968166559887e-06 3.957286093029394217e-06
1.649183505757744673e-06 2.269889489218986344e-06 2.899596236908309907e-06 3.160186871200699542e-06 3.551187875434536099e-06 3.923727137850089771e-06
1.634709327691452952e-06 2.256815632518492682e-06 2.878865835161803968e-06 3.133218950964060128e-06 3.521207593277102772e-06 3.892135424854439549e-06
1.620406616197210918e-06 2.244065635726609636e-06 2.856969960103102339e-06 3.122426814501621830e-06 3.490089476682505471e-06 3.864610380638875642e-06
1.606272730079909670e-06 2.231595487773675433e-06 2.835239276228447899e-06 3.099717297024372216e-06 3.461276258444363503e-06 3.840571866647356290e-06
1.592305107983841031e-06 2.219555813025366952e-06 2.813575529627769687e-06 3.077413063146223741e-06 3.434178283737179315e-06 3.820603209562362531e-06
1.578501310210263535e-06 2.207896377940568206e-06 2.791237008649656957e-06 3.053411325201439005e-06 3.406989056519079849e-06 3.802415380033209728e-06
1.564619012415384699e-06 2.196754013486272112e-06 2.769810915965330874e-06 3.035193156122987407e-06 3.382231471342107198e-06 3.779810984072557939e-06
1.550720065176523019e-06 2.186106616827195845e-06 2.749133380472886669e-06 3.022151226363724782e-06 3.360089131217943997e-06 3.753773840327163864e-06
1.536800720583904824e-06 2.175710001961700399e-06 2.728442254295724788e-06 2.989952339109928542e-06 3.339284792202285702e-06 3.723714226714283999e-06
1.522786230066610329e-06 2.165444731449689583e-06 2.708672922046208433e-06 2.968845501594020868e-06 3.322875980331315762e-06 3.690587415475563745e-06
1.508681393290072155e-06 2.155090488914935906e-06 2.689992171136394489e-06 2.938612342205640329e-06 3.310369822677197447e-06 3.659566264514684846e-06
1.494370021033198851e-06 2.144477077407906220e-06 2.670906602061830164e-06 2.908377083162157636e-06 3.301135772761016957e-06 3.630332451422509220e-06
1.479766187341389702e-06 2.133315827487919668e-06 2.651784066591581970e-06 2.859221396515639550e-06 3.292693656213198305e-06 3.597772924015806191e-06
1.464924186812018308e-06 2.122053153188102912e-06 2.632801947938955913e-06 2.839445536058756860e-06 3.286015766567509725e-06 3.557848195030831651e-06
1.449671182315401754e-06 2.110539158125018160e-06 2.614015321660229014e-06 2.818812067941718797e-06 3.278115835057297922e-06 3.522873578543368938e-06
1.433905366931560620e-06 2.098383974691182898e-06 2.595302834156968191e-06 2.801096101694837115e-06 3.271813480129878888e-06 3.500360027478207621e-06
1.417725848489083339e-06 2.086146132947678541e-06 2.576152329644101827e-06 2.779354013239108045e-06 3.263553953670905274e-06 3.481274466203217966e-06
1.400938894117143871e-06 2.073789019687187697e-06 2.557411225625390073e-06 2.763459463866540442e-06 3.253887295386570654e-06 3.458212857305233969e-06
1.383407104501767602e-06 2.061297036811718777e-06 2.539720188295917287e-06 2.742297496260916013e-06 3.242815207853675698e-06 3.433669626125785645e-06
1.365316126849971015e-06 2.048589700691183623e-06 2.522593437524572175e-06 2.729856653887630915e-06 3.229744684213959740e-06 3.409695675185128606e-06
1.346628950387129988e-06 2.035291726032488872e-06 2.505615162521236904e-06 2.704004921197691379e-06 3.212936536331478036e-06 3.392111564736647733e-06
1.327238713232101118e-06 2.021486062090538174e-06 2.489155324481921898e-06 2.678912535888098093e-06 3.194261125729982703e-06 3.373245849264556696e-06
1.307335322547987307e-06 2.007311681303650462e-06 2.472903078014553313e-06 2.659087916352426144e-06 3.173067696180767290e-06 3.351227198156418582e-06
1.287002277556126706e-06 1.992543151863513160e-06 2.457304433904730768e-06 2.651854693853784061e-06 3.152050557824414594e-06 3.329543912898373412e-06
1.266080059704410831e-06 1.977272390547521790e-06 2.442518610925272398e-06 2.638054474548632152e-06 3.129460090887406483e-06 3.307253317239709940e-06
1.244779992954618179e-06 1.961687919268002608e-06 2.428710279951655757e-06 2.633863624390824885e-06 3.108041958058424189e-06 3.288139193489771065e-06
1.223290410199888495e-06 1.945844820190865772e-06 2.415865331494768194e-06 2.618005454450080541e-06 3.083165245765270130e-06 3.269059738003151837e-06
1.201578486509810447e-06 1.929872214199414154e-06 2.403262927310887579e-06 2.617797226583864097e-06 3.058873676668185184e-06 3.253143862583607295e-06
1.179552431085899545e-06 1.914071567252115869e-06 2.390853151673877225e-06 2.603376700010918363e-06 3.032310606129709015e-06 3.234104244681190909e-06
1.157371088218378510e-06 1.898475734321825483e-06 2.378064282344208748e-06 2.602473805712459974e-06 3.005087868348004194e-06 3.216177013618280432e-06
1.135141835576503089e-06 1.883027485549617104e-06 2.365101741380123278e-06 2.593114678013863269e-06 2.978279314029772848e-06 3.197638858629189862e-06
1.112847074704005759e-06 1.867874548131758453e-06 2.352212349291942096e-06 2.586531879047597164e-06 2.953406169587100771e-06 3.180882199813656271e-06
1.090540264123640051e-06 1.852935556267007331e-06 2.339593657849140556e-06 2.571144533747011391e-06 2.926647812876368950e-06 3.164404068272360135e-06
1.068346887776965685e-06 1.838199680465648461e-06 2.327087665403762992e-06 2.559741393033735146e-06 2.905943310318836519e-06 3.148498928292969571e-06
1.046326675464928055e-06 1.823765112131219679e-06 2.314104427858051649e-06 2.546216085536597574e-06 2.882065263074249844e-06 3.133846648913378693e-06
1.024409758425767803e-06 1.809651314196491537e-06 2.300838992769945800e-06 2.533115643211751499e-06 2.859267902447739200e-06 3.115743640454295528e-06
1.002620883805750455e-06 1.795803063810535800e-06 2.287704016069618790e-06 2.516611446605277024e-06 2.838421072700466177e-06 3.098671881467445760e-06
9.810028627425984589e-07 1.782219325060578916e-06 2.274206122156983735e-06 2.512773509188365560e-06 2.816291302951257002e-06 3.083427044289570754e-06
9.595588763930823647e-07 1.768968298599643963e-06 2.260475954567886903e-06 2.512057423525805739e-06 2.796192461838101918e-06 3.064771759125120334e-06
9.382645090651034653e-07 1.755941892751088804e-06 2.246257651672660416e-06 2.506796829501824788e-06 2.777071900701645018e-06 3.047015530434217902e-06
9.171032499363952474e-07 1.743109223397735315e-06 2.231789659580490984e-06 2.505181840635989971e-06 2.759443666889368080e-06 3.025544805188327491e-06
8.961223953174906191e-07 1.730608353321995675e-06 2.216973795611219856e-06 2.500575465116354456e-06 2.737403807546121720e-06 3.001374523866175664e-06
8.753328705009980966e-07 1.718506728007416399e-06 2.201505473222214290e-06 2.494709832482161755e-06 2.719864782669333839e-06 2.974599830545139697e-06
8.547018998668297518e-07 1.706785992145985406e-06 2.185628741578046468e-06 2.489872558797970531e-06 2.704547070704990148e-06 2.953328393397737592e-06
8.342212269892821933e-07 1.695514388007777247e-06 2.169512372859871562e-06 2.484425161844083568e-06 2.689089907495400488e-06 2.930556588140330082e-06
8.139268678890859100e-07 1.684666160887015235e-06 2.152922731653495386e-06 2.478073467512825124e-06 2.672684635663137971e-06 2.911904337116051962e-06
7.937946346593493366e-07 1.674203042218784183e-06 2.135728918296518938e-06 2.470883959124150753e-06 2.658912148836073705e-06 2.896711016266659401e-06
7.738372833818502251e-07 1.664115851505338466e-06 2.117634184337336140e-06 2.467337479418244306e-06 2.642369038398829295e-06 2.879575238967203303e-06
7.540659334299869508e-07 1.654246179265995334e-06 2.099466184644541800e-06 2.464369561048678646e-06 2.622198560192371273e-06 2.867457223524047863e-06
7.344407238959965665e-07 1.644460464741064293e-06 2.080881643340614672e-06 2.461845799568272385e-06 2.603367180616439119e-06 2.856945102572280913e-06
7.149840178927890059e-07 1.634805087909465553e-06 2.061944049863819999e-06 2.456056577322025841e-06 2.583102554439814277e-06 2.841421262659003770e-06
6.956901832593644861e-07 1.625269792377204134e-06 2.043078554882864026e-06 2.450382332213818795e-06 2.562525178795682517e-06 2.826845639967429199e-06
6.765572868788018375e-07 1.615831426179110326e-06 2.025780270335646492e-06 2.445572607761575987e-06 2.543887882579527439e-06 2.817270360190623663e-06
6.575576349028336912e-07 1.606466426482403227e-06 2.009089636500076873e-06 2.440279074618117490e-06 2.525713461124860105e-06 2.807915931952893983e-06
6.386774382497237585e-07 1.597138238708461038e-06 1.992400383210425841e-06 2.431228697630720563e-06 2.505805473934561579e-06 2.802381521045633307e-06
6.199193237091987575e-07 1.587842221228345490e-06 1.977102010512609491e-06 2.422236848008460288e-06 2.486220219420529609e-06 2.793722097132626766e-06
6.012863830709522588e-07 1.578537479220019891e-06 1.962268565222859070e-06 2.413921295767292145e-06 2.466887770966004171e-06 2.777639609731542010e-06
