9.107417486268641615e-02 2.543530697549258313e-01 4.197610593929466671e-01 5.512408420275911602e-01 6.411751600151376351e-01 7.543085102541297049e-01
2.116538773044677677e-02 6.084519743796850538e-02 1.011632080825348723e-01 1.335042456936425814e-01 1.553435824503495433e-01 1.814138770315421312e-01
8.732883005900271903e-03 2.582642158621940159e-02 4.323065620957389221e-02 5.735225757200070745e-02 6.680000740943074777e-02 7.748104165303128232e-02
4.575901271060557954e-03 1.392330670157838207e-02 2.345496780823638772e-02 3.128901476460412695e-02 3.649704702105900644e-02 4.207221981169199237e-02
2.739548769272463508e-03 8.569670515417064649e-03 1.452583260919258594e-02 1.948682081101469829e-02 2.277440541094686785e-02 2.610861169591079112e-02
1.787853879412725422e-03 5.737486998502519357e-03 9.790648554077038476e-03 1.320534642162880627e-02 1.546949410884631421e-02 1.764763720972680264e-02
1.239146417408208255e-03 4.070867431998880827e-03 6.999705096588986104e-03 9.488760410727348563e-03 1.114561142588012255e-02 1.266095686219206873e-02
8.975538215175262510e-04 3.013537890139514775e-03 5.226498369211472587e-03 7.118267940447949721e-03 8.386117671981165381e-03 9.491895932475158046e-03
6.728653743201076006e-04 2.304048559740887701e-03 4.035145142743465883e-03 5.519072591200973460e-03 6.523191634955137312e-03 7.361325957246181786e-03
5.188444886213842066e-04 1.807080250748333743e-03 3.199134520171265615e-03 4.392245583502407333e-03 5.209304472196398840e-03 5.864635360568931470e-03
4.093357278317365949e-04 1.446814894685481776e-03 2.591466927556090698e-03 3.570173649883095091e-03 4.249581431512338553e-03 4.775492299449164355e-03
3.288458926029154362e-04 1.178112431435830894e-03 2.136931164412995271e-03 2.953189052873852593e-03 3.528270764600733439e-03 3.959643718195030894e-03
2.680804798669548421e-04 9.729817244271131730e-04 1.788705579202042257e-03 2.479010112512768874e-03 2.973040391841012473e-03 3.333603559626657602e-03
2.213643221709872522e-04 8.133062083565998452e-04 1.516460488989423679e-03 2.107183606572431925e-03 2.536903851019795507e-03 2.843334707338492345e-03
1.850181326781956967e-04 6.868752031992027838e-04 1.299942178864629165e-03 1.810609353248681525e-03 2.188265322155012738e-03 2.452616791251695152e-03
1.564145836738184620e-04 5.852514334846588241e-04 1.125159051257088342e-03 1.570560181881573746e-03 1.905325402796205925e-03 2.136501216372460165e-03
1.336229752310619104e-04 5.024644957923385998e-04 9.821494618951764899e-04 1.373797452366868959e-03 1.672663330265493787e-03 1.877245314209138351e-03
1.152303322500598549e-04 4.342622365589506343e-04 8.636635664741900125e-04 1.210649726107580803e-03 1.479129681539964472e-03 1.662057639819535448e-03
1.002279768396538038e-04 3.775536354381285836e-04 7.643935481474829546e-04 1.074066529796521580e-03 1.316517956406523327e-03 1.481561654389257354e-03
8.787090125902027849e-05 3.299858983560138522e-04 6.804277867844941595e-04 9.587236847176161319e-04 1.178616550124954440e-03 1.328675348379195582e-03
7.759925638443101971e-05 2.897585417927017802e-04 6.088119164574122468e-04 8.605529332556947257e-04 1.060685596290789545e-03 1.198097403081928043e-03
6.898685053254408636e-05 2.555283007003643857e-04 5.471946780523684632e-04 7.763603131638929572e-04 9.590757291507031289e-04 1.085688432590902570e-03
6.170677907059438148e-05 2.262682139400924849e-04 4.937480389676023821e-04 7.036830084900337406e-04 8.709350287877474497e-04 9.881972197872453817e-04
5.550591326636582971e-05 2.011609794446133639e-04 4.471127357492743828e-04 6.404838318012705083e-04 7.940050008494279211e-04 9.031128654847037302e-04
5.018641100185953672e-05 1.795506362876704749e-04 4.061984315172567444e-04 5.851735211440061259e-04 7.264752612813511279e-04 8.284211127889549086e-04
4.559272639871157372e-05 1.608791485082836353e-04 3.701458024465978857e-04 5.363595605162664636e-04 6.668893138243502322e-04 7.624443105310795086e-04
4.160089350869071624e-05 1.446466142976675134e-04 3.384555219730904941e-04 4.929102403144659675e-04 6.140633731705507541e-04 7.038996131482733827e-04
3.811117269853807527e-05 1.304246052636938435e-04 3.105785185941497130e-04 4.540192547107529280e-04 5.670174508017572067e-04 6.517138158689166419e-04
3.504320342806621798e-05 1.178717479208012976e-04 2.858980985179558707e-04 4.190678400581563561e-04 5.249470184594699556e-04 6.049580759493391070e-04
3.233197077823520270e-05 1.067265514568938831e-04 2.639563951626809840e-04 3.875973785580930715e-04 4.871795833454409274e-04 5.629165498338017546e-04
2.992445273484404316e-05 9.679373504222027968e-05 2.443357427921898821e-04 3.592885666325143263e-04 4.531557099113684675e-04 5.249733178952241180e-04
2.777697189008286743e-05 8.792390449352867766e-05 2.266633500706578678e-04 3.338270261180683479e-04 4.224001703406220546e-04 4.906246353795141362e-04
2.585318014348914008e-05 7.998579303014135232e-05 2.106631072634082644e-04 3.109083767001024116e-04 3.945074195115865975e-04 4.594185533990811834e-04
2.412281394302250308e-05 7.286341889214897839e-05 1.961193053843426752e-04 2.901895524994293953e-04 3.691326833883468226e-04 4.310083128987101742e-04
2.256056051112326791e-05 6.646850342727785271e-05 1.828698063058206138e-04 2.713737459768048965e-04 3.459864748090738982e-04 4.050503004354769044e-04
2.114522667476285438e-05 6.073791657481510169e-05 1.707263762931636800e-04 2.542565574267336369e-04 3.248244788126499892e-04 3.812690534214758457e-04
1.985887526219016734e-05 5.561033453699996059e-05 1.595165713269331462e-04 2.386629591408277685e-04 3.054403474666730314e-04 3.594291931941291825e-04
1.868610297469839275e-05 5.101587563088928767e-05 1.491753816642187914e-04 2.244774528214251309e-04 2.876582633882311907e-04 3.393381417255867337e-04
1.761360441045756457e-05 4.689362523926425227e-05 1.396279638451527214e-04 2.114633773884004011e-04 2.713199840043160264e-04 3.208056041458155847e-04
1.662991971516376478e-05 4.319732624291701298e-05 1.307754143005762345e-04 1.994605800120795346e-04 2.562923520273599856e-04 3.036800687231791312e-04
1.572532137204114044e-05 3.988610965939099422e-05 1.225506110294640838e-04 1.884843901509410341e-04 2.424576796225867638e-04 2.878175182822751148e-04
1.489141321055588201e-05 3.691216125375142192e-05 1.149107541078039484e-04 1.783157440242710563e-04 2.297064452802156530e-04 2.730978615598677510e-04
1.412095828297591585e-05 3.422540153826911805e-05 1.078052318205129019e-04 1.687444078093907718e-04 2.179413619187605647e-04 2.594171819848032170e-04
1.340757170968536987e-05 3.178355917849896595e-05 1.011862622729967537e-04 1.597948878425336453e-04 2.070729213737957123e-04 2.466821424303511172e-04
1.274561573076039215e-05 2.955661705032024947e-05 9.502650745351828724e-05 1.514772034008298027e-04 1.970232394923528434e-04 2.347997981996269453e-04
1.213019691361330654e-05 2.752546502904470240e-05 8.928948572705888058e-05 1.437576727171252229e-04 1.877114979026838100e-04 2.236989536241014366e-04
1.155703737268592399e-05 2.567522114933764321e-05 8.392763183121137202e-05 1.366036796023695850e-04 1.790461989027040740e-04 2.133121878503575362e-04
1.102243116918464430e-05 2.399119975599394998e-05 7.891397479991806691e-05 1.298903354731294917e-04 1.709551816303851626e-04 2.035842750101728182e-04
1.052310317060332754e-05 2.245775426306557152e-05 7.422951843103391199e-05 1.236137303850236584e-04 1.633616704008979592e-04 1.944554875490808136e-04
1.005613553143917683e-05 2.106009131814017487e-05 6.984380865273040495e-05 1.178215833008493897e-04 1.561640354821791025e-04 1.858820694194931371e-04
9.618932417896739904e-06 1.978540710378768680e-05 6.572372563058301255e-05 1.124792400487637493e-04 1.492953821977644304e-04 1.778175186451355280e-04
9.209169050673812192e-06 1.862091978061755315e-05 6.185502904865648884e-05 1.075214152699195420e-04 1.427383913702543752e-04 1.702240181792015136e-04
8.824755762973862601e-06 1.755311019645216551e-05 5.823217688429102189e-05 1.029566754984802935e-04 1.364805157321504207e-04 1.630679635933544977e-04
8.463792595202108518e-06 1.656872973196540054e-05 5.484961081071537101e-05 9.871319529952947988e-05 1.305282855570075726e-04 1.563211397725796422e-04
8.124544188316906878e-06 1.565678453424165911e-05 5.170207465450126372e-05 9.467169256234350845e-05 1.249077474902686316e-04 1.499613076153603994e-04
7.805425521875548721e-06 1.480822940661858742e-05 4.878554858781266972e-05 9.077596936371416011e-05 1.196186247973830938e-04 1.439659299260759708e-04
7.504978156542212148e-06 1.401765166958230166e-05 4.608967813544899796e-05 8.702564220299194449e-05 1.146358853790881220e-04 1.383177160661018101e-04
7.221866349798816503e-06 1.328206463138613732e-05 4.359277887790949396e-05 8.342350193600464548e-05 1.099289544649208043e-04 1.329945084928456161e-04
6.954857011928433785e-06 1.260006918047455220e-05 4.126446728440371340e-05 7.995347579828466741e-05 1.054668284307840650e-04 1.279781213845413346e-04
6.702804218418705605e-06 1.196971942703072548e-05 3.907573921656793650e-05 7.664285370446476185e-05 1.012311307458243982e-04 1.232519109458637746e-04
6.464638325519919744e-06 1.138760918218897781e-05 3.700334976335227809e-05 7.350342687613314646e-05 9.722372907326314734e-05 1.187991198514908589e-04
6.239364057577958836e-06 1.084924260127694344e-05 3.503481409172974848e-05 7.052868543074753305e-05 9.344033101537819346e-05 1.146041090258022099e-04
6.026066092480447278e-06 1.035038270417953708e-05 3.316148940491676932e-05 6.768464886101832557e-05 8.986038379037308171e-05 1.106522877660749904e-04
5.823900186021427271e-06 9.887566221034311788e-06 3.138111840431038715e-05 6.498491183791493429e-05 8.645352757776679975e-05 1.069284334098248378e-04
5.632087947886151728e-06 9.457696728285145259e-06 2.969354618077107335e-05 6.242875229283133438e-05 8.321529372936340482e-05 1.034081044590186071e-04
5.449912869501995876e-06 9.057910265870132798e-06 2.809927307409011414e-05 6.000197772064011682e-05 8.014920892208222481e-05 1.000565061029412859e-04
5.276711370433007663e-06 8.685555244874366033e-06 2.659265093273915296e-05 5.767777112841575738e-05 7.724290498566799149e-05 9.684093524866245147e-05
5.111869855591285481e-06 8.338208957997737307e-06 2.516500421662448656e-05 5.544898467914758842e-05 7.448447383433656809e-05 9.375157149705037115e-05
4.954817672533467411e-06 8.013684812335826959e-06 2.380846881121032467e-05 5.331405829023899386e-05 7.189602086092479461e-05 9.076930905794230835e-05
4.805042608162295883e-06 7.710018590247926301e-06 2.252447265932168882e-05 5.126994567051598202e-05 6.948779929603819086e-05 8.783741982245668503e-05
4.662073992916767798e-06 7.425403257293708192e-06 2.131639989653779667e-05 4.930879847864124143e-05 6.725184207109083183e-05 8.490468834511814074e-05
4.525487714246844273e-06 7.158205181927478606e-06 2.018798708165198553e-05 4.742566902486334857e-05 6.517524963741566386e-05 8.204325993739677565e-05
4.394892026030819009e-06 6.906951586053831942e-06 1.913622262891164820e-05 4.561345813996759145e-05 6.323560292170556292e-05 7.929386623534900923e-05
4.269909782452345763e-06 6.670340733749510402e-06 1.815590326799053323e-05 4.385664184583308275e-05 6.139020006045598778e-05 7.666911067945856618e-05
4.150177502636444894e-06 6.447184639447479616e-06 1.724285943454277080e-05 4.214802392506363481e-05 5.960599455695414961e-05 7.414901668256808505e-05
4.035346030326542674e-06 6.236406316092664300e-06 1.639011352430432743e-05 4.047783651561185785e-05 5.787654170762189450e-05 7.172880146431272403e-05
3.925094861870566707e-06 6.037017434681882168e-06 1.559240090099882239e-05 3.884845746400064528e-05 5.620813209639021721e-05 6.940061361899652254e-05
3.819126078560060237e-06 5.848131439362389682e-06 1.484347253458911306e-05 3.726396265428126619e-05 5.460061542336509328e-05 6.715250359277744735e-05
3.717165024800608694e-06 5.668953228502518826e-06 1.413955672071867509e-05 3.573427009696586421e-05 5.305122427961256581e-05 6.499015551560439487e-05
3.618957579552740622e-06 5.498766163791680140e-06 1.347727914971228205e-05 3.427123538923009156e-05 5.155939764226825982e-05 6.292944409912647143e-05
3.524264132581295618e-06 5.336917134190320038e-06 1.285310610735530242e-05 3.287428800224951469e-05 5.011386611169355411e-05 6.096514539646802133e-05
3.432856965860324851e-06 5.182808361119973644e-06 1.226427488473852336e-05 3.154310001877390211e-05 4.870327412428112664e-05 5.910911507064527251e-05
3.344513046302488608e-06 5.035907718960573242e-06 1.170704939806771492e-05 3.027628033965928562e-05 4.731847347698044500e-05 5.737085379719477680e-05
3.259013304452419387e-06 4.895733451066814690e-06 1.118032106398717221e-05 2.907145337620720257e-05 4.595397181246946441e-05 5.574128718719987061e-05
3.176160720279583128e-06 4.761851551370263726e-06 1.068421578539777102e-05 2.792639694192094229e-05 4.460355486115715574e-05 5.418485700791182908e-05
3.095780375867194166e-06 4.633862650837354373e-06 1.021780448382913269e-05 2.683430134792026128e-05 4.326851935282515654e-05 5.268013405447250283e-05
3.017719119986418922e-06 4.511394410189759483e-06 9.781584018031340134e-06 2.578416860445161384e-05 4.195390711077480358e-05 5.124387658475414192e-05
2.941851813631633906e-06 4.394106022693833513e-06 9.374560470545862721e-06 2.478454151920949749e-05 4.066662256268150819e-05 4.987766041665494003e-05
2.868064707198903767e-06 4.281680617313808248e-06 8.994691106732396533e-06 2.383232249383210975e-05 3.941280152150865740e-05 4.858304668486858238e-05
2.796253209047255342e-06 4.173831082598890040e-06 8.639827991504123788e-06 2.292766508667949202e-05 3.819616064298245536e-05 4.734578048914287390e-05
2.726323667863800849e-06 4.070288292518434250e-06 8.305591870375700711e-06 2.206219601437845476e-05 3.701936128835751330e-05 4.617067288035462541e-05
2.658193860975713327e-06 3.970801731146237472e-06 7.988447404736362211e-06 2.121214214101558459e-05 3.588295128819019497e-05 4.505600447390951420e-05
2.591789978630406993e-06 3.875140027066846148e-06 7.685401838564049650e-06 2.037713850329220743e-05 3.479003723103316119e-05 4.399846433500004375e-05
2.527049376052112511e-06 3.783084326329722756e-06 7.394975565908315477e-06 1.955651869500633965e-05 3.373979744210672268e-05 4.297346223174211625e-05
2.463913980468047249e-06 3.694431766560395280e-06 7.117478684916455141e-06 1.876026229839314951e-05 3.272722791935647041e-05 4.196734480009309948e-05
2.402332311400332611e-06 3.608997354352557580e-06 6.852719141428504997e-06 1.800372667701972591e-05 3.174681701897365884e-05 4.098487561715635671e-05
2.342259038294173552e-06 3.526613893205276885e-06 6.600402596423491105e-06 1.728631195979556454e-05 3.079356299388962107e-05 4.003161859704826325e-05
2.283650695490403513e-06 3.447128116148534770e-06 6.360857723371084719e-06 1.660597362075400029e-05 2.986720760504734030e-05 3.911455822028670490e-05
2.226465025893712784e-06 3.370395167048296438e-06 6.134602813455450920e-06 1.595373915322186278e-05 2.896864853072247633e-05 3.822519818855106116e-05
2.170660888910982480e-06 3.296277414056495525e-06 5.921429653793879575e-06 1.531652375609609420e-05 2.809883828219689362e-05 3.735528556460136816e-05
2.116201982638414185e-06 3.224643915555085005e-06 5.720555873989947137e-06 1.469268335506072700e-05 2.725942047147135572e-05 3.651161756076059633e-05
2.063057405189223093e-06 3.155372944336411843e-06 5.531015056750624131e-06 1.408263529208713531e-05 2.644825478608236018e-05 3.569329796046289452e-05
2.011200338602720341e-06 3.088352976774986058e-06 5.351994887275939136e-06 1.349135112902630310e-05 2.566067541792676912e-05 3.489939337515746614e-05
1.960606056129858904e-06 3.023482358569989748e-06 5.182828025317794134e-06 1.293269263513264317e-05 2.489136530323675953e-05 3.412290742298850513e-05
1.911250117965018727e-06 2.960666977734426952e-06 5.022910594319429578e-06 1.241261696990603091e-05 2.413519918245114369e-05 3.335403846781520251e-05
1.863105702771159056e-06 2.899816215131346663e-06 4.871693294981263007e-06 1.192860834761664625e-05 2.339110504500150259e-05 3.259145201750122869e-05
1.816145541336946098e-06 2.840843987059466348e-06 4.728616979995353287e-06 1.147891646081027882e-05 2.266195572233399116e-05 3.183352813434529638e-05
1.770344091036636901e-06 2.783668228989311687e-06 4.593142261986060703e-06 1.105464770727075191e-05 2.195194125410368169e-05 3.107718058347071731e-05
1.725677115087761449e-06 2.728211741271544481e-06 4.464732101243554248e-06 1.064558721638758828e-05 2.126744786458607296e-05 3.032003721181973372e-05
1.682121337953405843e-06 2.674403043872886821e-06 4.342895199620169161e-06 1.025003622299374118e-05 2.061152046260646356e-05 2.955927686237672995e-05
1.639654715636704607e-06 2.622174834568775047e-06 4.227196337117052860e-06 9.865644690118048596e-06 1.998470777458767050e-05 2.879746934116987039e-05
1.598259287610697441e-06 2.571463784760783169e-06 4.117202207787035281e-06 9.493599482185064486e-06 1.938384256397192472e-05 2.804069573448897081e-05
1.557922512842912420e-06 2.522209814581355973e-06 4.012529430450029817e-06 9.137397104232908271e-06 1.880325799651479330e-05 2.729795958517138317e-05
1.518630211900928765e-06 2.474355507084760089e-06 3.912821231676113219e-06 8.797789980454496215e-06 1.823704028542504914e-05 2.657572255300492836e-05
1.480369959410799145e-06 2.427846025450564623e-06 3.817734670056047826e-06 8.474567223873811405e-06 1.768048457759694120e-05 2.588028845027649148e-05
1.443128801412456312e-06 2.382628509710741361e-06 3.726961151396524772e-06 8.169696794040307667e-06 1.713194526690455148e-05 2.521090341184577688e-05
1.406886995084512896e-06 2.338649925086413970e-06 3.640197355900440213e-06 7.879499495085616478e-06 1.659043252807295733e-05 2.456805273161672049e-05
1.371624601069013608e-06 2.295858969709154656e-06 3.557181362744904866e-06 7.599609745564182530e-06 1.605698215589683713e-05 2.394836935146285481e-05
1.337323484207116442e-06 2.254206457265466027e-06 3.477686577941117640e-06 7.329135128438590488e-06 1.553319456345025271e-05 2.334673469919336936e-05
1.303966995782452350e-06 2.213644811288034715e-06 3.401483733938938700e-06 7.069713757993064052e-06 1.501949445056712575e-05 2.276066463894701024e-05
1.271540316173959760e-06 2.174129833606209811e-06 3.328359250377309515e-06 6.823100068402410722e-06 1.451720369495157180e-05 2.218410625713698647e-05
1.240029956312591599e-06 2.135619392875131544e-06 3.258115105990982212e-06 6.590525036508910544e-06 1.402780144692784003e-05 2.161748093526117594e-05
1.209423704843127307e-06 2.098073165357444343e-06 3.190562808266132430e-06 6.372352423847320161e-06 1.355039307232430707e-05 2.106299363566014324e-05
1.179710386064209853e-06 2.061452692060539984e-06 3.125549100515620504e-06 6.167838921947907473e-06 1.308450728318270002e-05 2.052685676982903278e-05
1.150878410764432725e-06 2.025720815613540006e-06 3.062928160687819566e-06 5.975231200044262212e-06 1.263013901212934199e-05 2.001731645059567246e-05
1.122909438012135243e-06 1.990841130091542213e-06 3.002555941371813590e-06 5.792090861915519564e-06 1.218506495279977565e-05 1.953528080429181493e-05
1.095782882892197917e-06 1.956778255893283963e-06 2.944301792292468681e-06 5.615982126150443913e-06 1.175049082357242639e-05 1.908086530430031983e-05
1.069476819924360458e-06 1.923497981353571954e-06 2.888041580956438032e-06 5.445058882848745114e-06 1.132885173540858244e-05 1.864405446332565073e-05
1.043962283916509298e-06 1.890967930453310970e-06 2.833658683066163243e-06 5.278250159646377698e-06 1.092315493506372100e-05 1.821051265952082260e-05
1.019210037140667616e-06 1.859157566098901199e-06 2.781061680266736024e-06 5.115604466792238904e-06 1.053732804903101019e-05 1.777604227858114590e-05
9.951920671709364767e-07 1.828039392638769430e-06 2.730163682192379287e-06 4.957653218298829313e-06 1.017480420108435841e-05 1.733693056078842407e-05
9.718815252138416908e-07 1.797588070307067739e-06 2.680879885967783226e-06 4.804975380735410733e-06 9.836292548732892532e-06 1.689179028446111342e-05
9.492526660006051945e-07 1.767780793679591192e-06 2.633129843966410152e-06 4.658048433174283756e-06 9.520207759693917989e-06 1.645044392074557804e-05
9.272808023994369415e-07 1.738596045350416171e-06 2.586839694460891111e-06 4.517322687118287900e-06 9.222665229038720194e-06 1.602035044690961596e-05
9.059422399521297185e-07 1.710013287504151002e-06 2.541937356110198299e-06 4.383133185481080840e-06 8.938074685449434403e-06 1.559916696033960100e-05
8.852142319559103164e-07 1.682013543722880839e-06 2.498359332755048926e-06 4.255521970045855854e-06 8.662277011352774602e-06 1.519146982450961140e-05
8.650749409376891131e-07 1.654578719863113651e-06 2.456040824847330401e-06 4.134131733457166302e-06 8.393179066063772726e-06 1.479757072429865926e-05
8.455034427238173799e-07 1.627692242257156575e-06 2.414911655471539838e-06 4.018496729272916594e-06 8.130459321073292542e-06 1.440972990433964362e-05
8.264799284447914828e-07 1.601338598806422867e-06 2.374914383565231114e-06 3.908280059784505931e-06 7.874716415367985953e-06 1.402429704016027895e-05
8.079855407242276674e-07 1.575502770789885205e-06 2.335997775574423687e-06 3.803157983785890733e-06 7.627888399502367839e-06 1.364130166136096747e-05
7.900023029287056037e-07 1.550170360164096804e-06 2.298112043117692080e-06 3.702885212818773263e-06 7.391164807011512433e-06 1.325867586333489481e-05
7.725132044244249719e-07 1.525327656141651207e-06 2.261211266665627762e-06 3.607295310675286319e-06 7.164700067740309884e-06 1.287700300979683261e-05
7.555020304306222999e-07 1.500961369636123707e-06 2.225252777287379869e-06 3.516179183344247615e-06 6.947297115112902903e-06 1.250314919129406445e-05
7.389532082844153728e-07 1.477058786662343987e-06 2.190196103439620856e-06 3.429323822911138677e-06 6.737959936945171082e-06 1.214135445019788560e-05
7.228517911943607386e-07 1.453607634496619968e-06 2.156003457251649177e-06 3.346523621345476031e-06 6.534943817102417209e-06 1.179257911588890699e-05
7.071834229684404915e-07 1.430594919737798100e-06 2.122639517909978826e-06 3.267520791181912379e-06 6.337167123243005633e-06 1.145756052670539078e-05
6.919343086973955107e-07 1.408007317748769583e-06 2.090070854041950208e-06 3.192077984515608939e-06 6.144203409067042187e-06 1.113552899539664667e-05
6.770912052074608288e-07 1.385831097025013701e-06 2.058271975154846872e-06 3.120018703820069310e-06 5.956794095992318312e-06 1.082044273446800857e-05
6.626413854126219403e-07 1.364052894429756782e-06 2.027217594462439673e-06 3.051156501806218426e-06 5.775867354013102747e-06 1.050891172283959795e-05
6.485726153768486639e-07 1.342659943589764621e-06 1.996882685215041836e-06 2.985299522498219053e-06 5.602798599600288501e-06 1.020127551904147993e-05
6.348731384555339163e-07 1.321640072297950686e-06 1.967243033507918777e-06 2.922282565403909911e-06 5.438574701416679575e-06 9.896881366916590039e-06
6.215316433788331681e-07 1.300981650889736587e-06 1.938276835689506494e-06 2.861945352732429233e-06 5.283119324732298607e-06 9.594784953173212275e-06
6.085372251942968781e-07 1.280673585645036210e-06 1.909964173914013647e-06 2.804098730435205761e-06 5.136094643603109471e-06 9.298793850475239002e-06
5.958792674772169339e-07 1.260705174142501416e-06 1.882287581762573931e-06 2.748617940951342616e-06 4.996416310655806164e-06 9.012755868950937552e-06
5.835474821894829435e-07 1.241066062163611816e-06 1.855230301981914001e-06 2.695394245654905801e-06 4.862798204750738957e-06 8.737354808402762420e-06
5.715319571161336582e-07 1.221746415466668365e-06 1.828775932220926000e-06 2.644304080431827784e-06 4.733357597261243271e-06 8.474085811454608709e-06
5.598230157737225346e-07 1.202737386004071716e-06 1.802909512133268265e-06 2.595220706918215996e-06 4.606643675857327156e-06 8.225110201112448155e-06
5.484112589800697246e-07 1.184030795025480254e-06 1.777615752376586932e-06 2.548025020543170592e-06 4.481805366677473257e-06 7.990749767604037198e-06
5.372876306553812025e-07 1.165618991264173771e-06 1.752878682952398493e-06 2.502606450454762964e-06 4.358713380609986671e-06 7.767364709788518370e-06
5.264433971033323371e-07 1.147494997387859333e-06 1.728682623146391464e-06 2.458845602329801283e-06 4.237821228883378952e-06 7.553317867711308491e-06
5.158701343756179080e-07 1.129652136954705843e-06 1.705012992385404325e-06 2.416652987724652264e-06 4.119586207663048878e-06 7.347269442340834041e-06
5.055597214821155653e-07 1.112084017363733156e-06 1.681856220666730073e-06 2.375946380232577553e-06 4.004611173919724822e-06 7.146585670381914670e-06
4.955043164036699054e-07 1.094784383374751176e-06 1.659199699214789345e-06 2.336614666707634030e-06 3.893495426719797800e-06 6.950001996288605715e-06
4.856963549244153071e-07 1.077747258680876190e-06 1.637032194320506315e-06 2.298573457883928923e-06 3.786877414006878465e-06 6.758608689844858233e-06
4.761285354363815760e-07 1.060966919200617475e-06 1.615343192359585599e-06 2.261769975002553511e-06 3.684968063456057107e-06 6.573779616887197790e-06
4.667938026302365458e-07 1.044437781173434706e-06 1.594122037045439202e-06 2.226152462014984539e-06 3.587586693159770399e-06 6.394921936718431661e-06
4.576853550396920723e-07 1.028154378306141270e-06 1.573357664209637688e-06 2.191657987293074964e-06 3.494375302652978055e-06 6.221247554212034542e-06
4.487966063287009476e-07 1.012111372624321280e-06 1.553039415013328630e-06 2.158223536280495994e-06 3.405053804399234523e-06 6.053485780337199815e-06
4.401212160512924145e-07 9.963037312750826078e-07 1.533156782783471091e-06 2.125788592408537285e-06 3.319443377542864737e-06 5.892107304542276540e-06
4.316530370269394421e-07 9.807270653081408606e-07 1.513698956464815292e-06 2.094295637690446369e-06 3.237398123503817088e-06 5.736813309518521981e-06
4.233861497546873388e-07 9.653775544952345421e-07 1.494654518177316009e-06 2.063693294792090853e-06 3.158792017826367344e-06 5.587053443492763151e-06
4.153148176307422188e-07 9.502521033342751281e-07 1.476011775496654777e-06 2.033927015045129889e-06 3.083494393175906812e-06 5.442598842032639594e-06
4.074335050955128100e-07 9.353480180291422526e-07 1.457758539154159248e-06 2.004941068726986318e-06 3.011372311725325024e-06 5.302854980328219589e-06
3.997368575451749543e-07 9.206626496974635128e-07 1.439882436913284895e-06 1.976707590584767264e-06 2.942299264180899192e-06 5.167146687875116850e-06
3.922196903911503799e-07 9.061932946478534951e-07 1.422371521572880631e-06 1.949205334260904766e-06 2.876154298588846832e-06 5.034856616339046141e-06
3.848770026644899024e-07 8.919373056275313431e-07 1.405213935049255762e-06 1.922406099491203092e-06 2.812792988897203095e-06 4.906140751703554501e-06
3.777039370891324184e-07 8.778919986563070446e-07 1.388398952348135546e-06 1.896281409461454192e-06 2.752077558788006179e-06 4.781008849318131878e-06
3.706958159951755853e-07 8.640547679764107107e-07 1.371916318136799265e-06 1.870805316841211459e-06 2.693880714753646164e-06 4.659471185267639545e-06
3.638480904666039533e-07 8.504230375443934416e-07 1.355756017872157654e-06 1.845950587598353386e-06 2.638077943924167498e-06 4.541468346083363081e-06
3.571563767398702955e-07 8.369942578526578975e-07 1.339908383427552899e-06 1.821688931852899116e-06 2.584551970591785330e-06 4.426943480958258629e-06
3.506164195276686827e-07 8.237659104057212218e-07 1.324364000293495685e-06 1.797990514713316177e-06 2.533192944878217285e-06 4.315838262443090056e-06
3.442241039872841884e-07 8.107352964258154816e-07 1.309113930451737510e-06 1.774824454017095365e-06 2.483891146764518721e-06 4.208034191061164492e-06
3.379754484449730534e-07 7.978993968067428166e-07 1.294149814550498880e-06 1.752160972420049164e-06 2.436530024082760997e-06 4.103324440982331947e-06
3.318665902644179423e-07 7.852555496256786005e-07 1.279462937227339947e-06 1.729979842299279921e-06 2.391009693635512693e-06 4.001463614836973663e-06
3.258937952087446166e-07 7.728015906233456100e-07 1.265043932155808826e-06 1.708263171648386714e-06 2.347248672708633804e-06 3.902316242790464850e-06
3.200534419634530720e-07 7.605355898919669794e-07 1.250883230718851775e-06 1.686994471412690400e-06 2.305166707671188067e-06 3.805814884546707085e-06
3.143420181127821283e-07 7.484562808420516775e-07 1.236969991904492763e-06 1.666157586587826376e-06 2.264678147984364651e-06 3.711846094338299348e-06
3.087561309090655744e-07 7.365624469724222038e-07 1.223294238645286916e-06 1.645738295374865099e-06 2.225706402430397201e-06 3.620370353203058384e-06
3.032924755075526665e-07 7.248528564912737289e-07 1.209847421775009960e-06 1.625724649413007658e-06 2.188174471608619753e-06 3.531393046366588399e-06
2.979478646735036617e-07 7.133262115187209806e-07 1.196620921140960559e-06 1.606104399914799327e-06 2.152005548555832452e-06 3.444966644272817631e-06
2.927191964385296943e-07 7.019812007261541479e-07 1.183606208361866508e-06 1.586864037380736535e-06 2.117128113287550576e-06 3.361182989147653641e-06
2.876034666650049656e-07 6.908164599677797247e-07 1.170795082034016872e-06 1.567990083565473674e-06 2.083477921128818354e-06 3.280175711817711248e-06
2.825977675070156603e-07 6.798306290104215481e-07 1.158179742138604636e-06 1.549472050470723938e-06 2.050993455989284518e-06 3.201999893942183481e-06
2.776992677667626985e-07 6.690223129608417900e-07 1.145753200471177708e-06 1.531300545637622288e-06 2.019609361777738110e-06 3.126623391286816044e-06
2.729052321206905371e-07 6.583900532327974120e-07 1.133508897983476627e-06 1.513462180918437846e-06 1.989270858899562662e-06 3.054008045650517244e-06
2.682130024317484973e-07 6.479323448417857751e-07 1.121440983349388684e-06 1.495943389243427633e-06 1.959931178918351308e-06 2.984070171020367593e-06
2.636199944436116476e-07 6.376473859718593316e-07 1.109543952164818540e-06 1.478732566822887318e-06 1.931543400568606383e-06 2.916700816225055338e-06
2.591237135467808135e-07 6.275327039099146282e-07 1.097813062332909410e-06 1.461820550016804214e-06 1.904058890400826223e-06 2.851729771754246678e-06
2.547217222917232757e-07 6.175857929557888496e-07 1.086244014100711655e-06 1.445199514521213764e-06 1.877431794097642087e-06 2.789057667967593657e-06
2.504116667136972942e-07 6.078042333125663070e-07 1.074832234076785337e-06 1.428861622639700569e-06 1.851621428563233921e-06 2.728604374587732021e-06
2.461912577565582512e-07 5.981858045176014101e-07 1.063573539603307383e-06 1.412799717417087259e-06 1.826587039007437908e-06 2.670253092393831110e-06
2.420582677728944812e-07 5.887287728583881094e-07 1.052463754973255363e-06 1.397007776071791726e-06 1.802287656417874805e-06 2.613903372585785146e-06
2.380105422122225225e-07 5.794320254706263630e-07 1.041497769798702686e-06 1.381478848264847889e-06 1.778688116458060908e-06 2.559502585249854572e-06
2.340459814080663949e-07 5.702944874083809255e-07 1.030670252733608477e-06 1.366206712079856506e-06 1.755752866820620874e-06 2.507027543262507744e-06
2.301625478994400062e-07 5.613150172806349090e-07 1.019976037737010120e-06 1.351183316676708510e-06 1.733448810164484083e-06 2.456437124757947833e-06
2.263582641786415242e-07 5.524924406515295933e-07 1.009410196217679375e-06 1.336402706488834676e-06 1.711744544315885764e-06 2.407690481564582538e-06
2.226312083674720791e-07 5.438255628246508044e-07 9.989680829309283133e-07 1.321860450657725633e-06 1.690611304241101458e-06 2.360742898675817181e-06
2.189795081516475724e-07 5.353131683351356773e-07 9.886452676489626954e-07 1.307552250951680680e-06 1.670023858662445238e-06 2.315570303981385782e-06
2.154013537968418455e-07 5.269540169656032133e-07 9.784371966554627462e-07 1.293474048302809906e-06 1.649956471584690163e-06 2.272092966719734402e-06
2.118949779787492987e-07 5.187468512651809440e-07 9.683390216660011447e-07 1.279622184330161374e-06 1.630381567970597940e-06 2.230210511626316448e-06
2.084586631507634166e-07 5.106904025239495455e-07 9.583456595997661674e-07 1.265993905233839380e-06 1.611276647741359048e-06 2.189840701203362369e-06
2.050907493958742509e-07 5.027833785287845945e-07 9.484518897625631914e-07 1.252587312326403734e-06 1.592623523392725024e-06 2.150918703741904088e-06
2.017896078613795276e-07 4.950243808156167615e-07 9.386516693619039558e-07 1.239399771559793762e-06 1.574406908334662699e-06 2.113379861328530266e-06
1.985536646804925761e-07 4.874113799437533841e-07 9.289401388320486463e-07 1.226428835750317786e-06 1.556607937451242980e-06 2.077160782041840917e-06
1.953813907084811273e-07 4.799420798291226664e-07 9.193148770058766094e-07 1.213673521165886428e-06 1.539208655815288662e-06 2.042204295091962498e-06
1.922712876689910658e-07 4.726140744081432522e-07 9.097736340838867816e-07 1.201132430857351645e-06 1.522188900984193820e-06 2.008459611299369440e-06
1.892219090012000465e-07 4.654242896527860466e-07 9.003144190647370165e-07 1.188802561461277656e-06 1.505527703538347077e-06 1.975880357300612211e-06
1.862318447629445318e-07 4.583695762238357006e-07 8.909353256074410403e-07 1.176676708718785272e-06 1.489205946965517442e-06 1.944420049431749378e-06
1.832997170617291003e-07 4.514468600809601776e-07 8.816344200294401985e-07 1.164754281390233070e-06 1.473206119012060265e-06 1.914032171343855283e-06
1.804241921667255546e-07 4.446531295298530124e-07 8.724101274545374660e-07 1.153035891167978999e-06 1.457511341514827023e-06 1.884678399208829649e-06
1.776039716929112600e-07 4.379854416501817482e-07 8.632613432298817940e-07 1.141520955649625451e-06 1.442104763682245171e-06 1.856320491503453749e-06
1.748377864761189517e-07 4.314409303198728764e-07 8.541871486681130977e-07 1.130206291437489181e-06 1.426970297868387909e-06 1.828905132555314966e-06
1.721244052506192614e-07 4.250168089547232786e-07 8.451871531446798537e-07 1.119087571325968693e-06 1.412097028847807365e-06 1.802374884178854442e-06
1.694626319518198150e-07 4.187103615623118295e-07 8.362608480804349941e-07 1.108160610435617697e-06 1.397478672012916926e-06 1.776686907686966074e-06
1.668512960691004760e-07 4.125189475231709943e-07 8.274075442533248501e-07 1.097421191335581082e-06 1.383107498445181702e-06 1.751810668499644886e-06
1.642892598545182927e-07 4.064399935263670320e-07 8.186262470583425809e-07 1.086865335251361748e-06 1.368977106998793198e-06 1.727703261416448900e-06
1.617754203196806296e-07 4.004709936569240661e-07 8.099160320261574310e-07 1.076488430007495972e-06 1.355080217803704116e-06 1.704325623472610947e-06
1.593086977360278502e-07 3.946095081655592333e-07 8.012756089638430145e-07 1.066285713889088359e-06 1.341408483209728053e-06 1.681648877041591941e-06
1.568880385874651274e-07 3.888531584467727810e-07 7.927040731849388467e-07 1.056254630643702171e-06 1.327954373654099393e-06 1.659647484058783922e-06
1.545124245579900780e-07 3.831996285018541742e-07 7.842010194468394579e-07 1.046391761475979706e-06 1.314710621555245318e-06 1.638296488335078629e-06
1.521808595981904394e-07 3.776466630714963721e-07 7.757660784240496062e-07 1.036693460002439619e-06 1.301669553017043946e-06 1.617572521640209456e-06
1.498923672725100977e-07 3.721920734958166668e-07 7.673987534080512193e-07 1.027155768738757091e-06 1.288823569314782112e-06 1.597450937473494976e-06
1.476460053740941284e-07 3.668337460207986752e-07 7.590981404601354985e-07 1.017776587558271904e-06 1.276164554069511881e-06 1.577904626938588963e-06
1.454408547586324447e-07 3.615696185780132898e-07 7.508633210967918493e-07 1.008554252688835602e-06 1.263685015884588513e-06 1.558902049586738595e-06
1.432760105917154342e-07 3.563976949562388285e-07 7.426936171294349261e-07 9.994868918127782037e-07 1.251379825858176698e-06 1.540419229089977221e-06
1.411505992495145111e-07 3.513160426654877280e-07 7.345885738454241940e-07 9.905718448992786020e-07 1.239245366201779297e-06 1.522436767382822990e-06
1.390637717293579125e-07 3.463227840955674262e-07 7.265477370542019568e-07 9.818057648520980070e-07 1.227278714726426847e-06 1.504933437232801120e-06
1.370146902811156769e-07 3.414160987349474890e-07 7.185708567364178987e-07 9.731846725224720938e-07 1.215477531480056736e-06 1.487881707496801133e-06
1.350025435448170357e-07 3.365942181916357247e-07 7.106577109899434364e-07 9.647043521297152214e-07 1.203839770209768210e-06 1.471261217795571065e-06
1.330265454037591732e-07 3.318554240709867398e-07 7.028081650115971967e-07 9.563602492734899702e-07 1.192363041101911071e-06 1.455054446854728431e-06
1.310859211655674569e-07 3.271980485684586123e-07 6.950222080043759855e-07 9.481479069096446740e-07 1.181044944416252935e-06 1.439243227708694383e-06
1.291799169942966751e-07 3.226204622740351114e-07 6.872999963074181729e-07 9.400629749692872806e-07 1.169883388208200592e-06 1.423810332759621505e-06
1.273078024126236702e-07 3.181210726466049044e-07 6.796416092261413623e-07 9.321008354356821961e-07 1.158876408385593543e-06 1.408739129842712355e-06
1.254688613705277820e-07 3.136983249050364582e-07 6.720473533429717062e-07 9.242574236399340417e-07 1.148021593060291104e-06 1.394015016921262214e-06
1.236623938918691362e-07 3.093507011328600319e-07 6.645176764091324887e-07 9.165295452829301332e-07 1.137317348494278384e-06 1.379624429924906073e-06
1.218877200156760414e-07 3.050767176422049539e-07 6.570524050584323161e-07 9.089096438159962102e-07 1.126761638139902234e-06 1.365553183965547469e-06
1.201441697484429953e-07 3.008749257022037518e-07 6.496513199992849134e-07 9.013883203431309763e-07 1.116352521573365126e-06 1.351788464464290731e-06
1.184310859646280938e-07 2.967439107680337755e-07 6.423143223637617340e-07 8.939647875688269806e-07 1.106087627455282110e-06 1.338317176768103250e-06
1.167478292382350799e-07 2.926822889803106027e-07 6.350414227172183428e-07 8.866399608435442478e-07 1.095964211456809160e-06 1.325125838113826774e-06
1.150804546630183892e-07 2.886887108452788532e-07 6.278329666846857324e-07 8.794145923510477154e-07 1.085980000594433469e-06 1.312201517778960729e-06
1.134320034162872762e-07 2.847618551904895266e-07 6.206888211633860308e-07 8.722871784705151205e-07 1.076132765335097576e-06 1.299531533687149913e-06
1.118018500043909222e-07 2.809004310509425822e-07 6.136086751455719934e-07 8.652554825154279949e-07 1.066420508513235612e-06 1.287104387669653723e-06
1.101854462520795133e-07 2.771031642675840103e-07 6.065922051067251312e-07 8.583173167800445297e-07 1.056841599374744326e-06 1.274908984454860762e-06
1.085826864516716365e-07 2.733688043287164085e-07 5.996391176621980376e-07 8.514705348822918239e-07 1.047394427630072580e-06 1.262934222942501670e-06
1.069867484997407463e-07 2.696961288753645280e-07 5.927489841947840979e-07 8.447132394333469213e-07 1.038077268992939644e-06 1.251169644712733735e-06
1.053925399778844810e-07 2.660839317131088625e-07 5.859213441535759671e-07 8.380435715812591436e-07 1.028888551122014337e-06 1.239605480637150394e-06
1.038027867489707761e-07 2.625310277042215269e-07 5.791558112756807469e-07 8.314595368973533413e-07 1.019826797350243540e-06 1.228232696251823285e-06
1.022075976537829809e-07 2.590362580125642519e-07 5.724523540447509576e-07 8.249587148739631856e-07 1.010890583300435987e-06 1.217043249859502785e-06
1.006010882796229569e-07 2.555984913847322291e-07 5.658112086257523100e-07 8.185385954937366778e-07 1.002078277162385726e-06 1.206030357096150818e-06
9.898855366911352478e-08 2.522166209208132087e-07 5.592330301606704424e-07 8.121966736365743056e-07 9.933882385636845355e-07 1.195188292767874432e-06
9.735901427406373344e-08 2.488895653852146604e-07 5.527185732634810867e-07 8.059299344671063142e-07 9.848185406980430262e-07 1.184509767387545326e-06
9.570469935148337801e-08 2.456162685297856639e-07 5.462688092174736990e-07 7.997351806567913312e-07 9.763674327015142776e-07 1.173987593466467287e-06
9.403579723464152067e-08 2.423956965129698807e-07 5.398854026600647136e-07 7.936074945861168216e-07 9.680330298479622973e-07 1.163615938169554154e-06
9.235008557993776384e-08 2.392268394212063769e-07 5.335682382246175140e-07 7.875441269050304130e-07 9.598130189444081782e-07 1.153390616551673715e-06
9.064149430633685321e-08 2.361087104207198293e-07 5.273172525780018602e-07 7.815430910231521484e-07 9.517051743881228382e-07 1.143307115694837222e-06
8.892045651404472585e-08 2.330403435573893967e-07 5.211325388590748476e-07 7.756031797573791959e-07 9.437073345992229650e-07 1.133361129376073468e-06
8.719143375321597382e-08 2.300207945825294520e-07 5.150143320263397023e-07 7.697223674345577035e-07 9.358179526721867192e-07 1.123548789312099851e-06
8.544540313200545384e-08 2.270491405560026857e-07 5.089628642930422572e-07 7.638976083236223938e-07 9.280357493669425363e-07 1.113866587687491818e-06
8.369396738945156890e-08 2.241244787830580468e-07 5.029784195463034851e-07 7.581255697952578401e-07 9.203600403971307655e-07 1.104311297266584310e-06
8.194738620604221676e-08 2.212459253340526029e-07 4.970611396498318529e-07 7.524029279661295027e-07 9.127902980517594624e-07 1.094879798151977910e-06
8.020359088893433347e-08 2.184126163604953116e-07 4.912107725144071956e-07 7.467265113499922269e-07 9.053257814148348784e-07 1.085568796500989203e-06
7.845726955841864203e-08 2.156237076923562557e-07 4.854270111768061467e-07 7.410937975006116491e-07 8.979656052511365655e-07 1.076375320473360999e-06
7.671704652820693294e-08 2.128783714233183784e-07 4.797092744583940204e-07 7.355030016792276426e-07 8.907089408437943493e-07 1.067296024734005411e-06
7.498864283733771124e-08 2.101757988382045054e-07 4.740567060270325933e-07 7.299529176653972022e-07 8.835551201622114001e-07 1.058327134675706195e-06
7.327082734693283927e-08 2.075151993327644600e-07 4.684684721065862070e-07 7.244419381275078760e-07 8.765028232542771370e-07 1.049466058116523551e-06
7.156632011351074282e-08 2.048957980147094342e-07 4.629437524523108225e-07 7.189688228535187847e-07 8.695519170326355110e-07 1.040710896917396160e-06
6.988181979598209472e-08 2.023168370370774267e-07 4.574818533513071690e-07 7.135318959707510057e-07 8.627023968537564022e-07 1.032060300624448803e-06
6.822033767224578248e-08 1.997775748016404719e-07 4.520825100952150348e-07 7.081296466930785831e-07 8.559539793087712159e-07 1.023511814861729287e-06
6.657769383092317510e-08 1.972772863380800773e-07 4.467456986669621719e-07 7.027614687205160356e-07 8.493053977062857753e-07 1.015063204921302451e-06
6.495499436575408720e-08 1.948152608871764637e-07 4.414718021045620026e-07 6.974257979731880947e-07 8.427549644845866028e-07 1.006713230366940983e-06
6.335433695820222379e-08 1.923908023220082455e-07 4.362612479634281259e-07 6.921224725081327359e-07 8.363005329776345902e-07 9.984610936969734931e-07
6.177561680156095635e-08 1.900032318208509222e-07 4.311147827167404164e-07 6.868507139523078980e-07 8.299395370316989841e-07 9.903062643164757871e-07
6.021720547929899799e-08 1.876518823388044312e-07 4.260340685764933208e-07 6.816094763242361971e-07 8.236694080384786285e-07 9.822488093094707054e-07
5.867792779278468671e-08 1.853361009662785680e-07 4.210188045780579492e-07 6.763957813808008572e-07 8.174880214323507802e-07 9.742889090754437795e-07
5.716015544557261940e-08 1.830552501486560034e-07 4.160686443650726799e-07 6.712066614062815211e-07 8.113933950873220512e-07 9.664266463987895323e-07
5.566423318396057376e-08 1.808087039275290517e-07 4.111834297796385635e-07 6.660394821503865977e-07 8.053835335556621175e-07 9.586619690042682306e-07
5.418808538058112051e-08 1.785958503220506402e-07 4.063632187405792433e-07 6.608919569825314699e-07 7.994567606007136349e-07 9.509947487497048241e-07
5.273101535589085764e-08 1.764160893858134372e-07 4.016080932506053104e-07 6.557620054755862996e-07 7.936113129056269463e-07 9.434240798504851756e-07
5.129478299892003039e-08 1.742688333092027467e-07 3.969181477719160388e-07 6.506478450203171283e-07 7.878453996691230367e-07 9.359474865890511689e-07
4.987780466689798614e-08 1.721535084872540713e-07 3.922934618311725025e-07 6.455477898986291455e-07 7.821575018864039896e-07 9.285620524600305588e-07
4.848056368729391423e-08 1.700695504875457280e-07 3.877337763657999971e-07 6.404605495717349428e-07 7.765465934700197781e-07 9.212667704392623128e-07
4.710344896543266071e-08 1.680164068575737735e-07 3.832385722771778643e-07 6.353852608224586008e-07 7.710118505705403307e-07 9.140618010363605723e-07
4.574401794357093800e-08 1.659935388147152412e-07 3.788073133307877889e-07 6.303214200621246900e-07 7.655524240810109999e-07 9.069469626121368898e-07
4.440329963913485463e-08 1.640004157825659142e-07 3.744390546974431364e-07 6.252690455437325940e-07 7.601680382376318509e-07 8.999193655416090663e-07
4.308076639487032091e-08 1.620365188826311568e-07 3.701327305993017999e-07 6.202282836466129953e-07 7.548579869551425392e-07 8.929774307108406779e-07
4.177610444945492177e-08 1.601013405527575296e-07 3.658872813907518491e-07 6.151993180425490233e-07 7.496213327505442209e-07 8.861199967914420510e-07
4.048757209244561347e-08 1.581943818529236901e-07 3.617016860724507954e-07 6.101825273687028904e-07 7.444571664041696856e-07 8.793460885865024406e-07
3.921421417073239951e-08 1.563151557987164809e-07 3.575749332056279343e-07 6.051782818683641300e-07 7.393641853596054672e-07 8.726543997050899105e-07
3.795599167523818115e-08 1.544631841429985942e-07 3.535060344208972427e-07 6.001875794012954466e-07 7.343409839298440917e-07 8.660440197396212934e-07
3.671289168065375373e-08 1.526379969012809130e-07 3.494940082702738886e-07 5.952122920855769531e-07 7.293861390733885942e-07 8.595141579517511971e-07
