1.127346028935104216e-01 2.556701814619682378e-01 3.774250547075514994e-01 4.543613859294409196e-01 4.790456889940806762e-01 5.041236341533716914e-01
2.661326276401549187e-02 6.147379477702031442e-02 9.127017623547550862e-02 1.106453496322747782e-01 1.170620097815100458e-01 1.224734966508265327e-01
1.115022676005426698e-02 2.621616568948214113e-02 3.914559740450084674e-02 4.778972822746840182e-02 5.075110162522889629e-02 5.284451046727403623e-02
5.932936366738836981e-03 1.419979244173199401e-02 2.131512339691346569e-02 2.620982820572404295e-02 2.794640894495493619e-02 2.898874341922226539e-02
3.608589102649674505e-03 8.782361979236241387e-03 1.324661342890904453e-02 1.640749851365853190e-02 1.756985506847420081e-02 1.817194226402916654e-02
2.393353731738628431e-03 5.910028444973754354e-03 8.958323380129293301e-03 1.117460399800834780e-02 1.202006117092472431e-02 1.240612414949622197e-02
1.686308680075452194e-03 4.215411307931194937e-03 6.425602190924114068e-03 8.069004195414768849e-03 8.719653255471693232e-03 8.987705018411387345e-03
1.242929386609208878e-03 3.135412346470706907e-03 4.815159844566482134e-03 6.082094226493375833e-03 6.603816187828860304e-03 6.802306638551192108e-03
9.501586225118032738e-04 2.406304797891244563e-03 3.733584275216042959e-03 4.737861728449978618e-03 5.169029685082308923e-03 5.324093709100276989e-03
7.488886341255828437e-04 1.893193066864780902e-03 2.974234353435186145e-03 3.787994138586663236e-03 4.152720198954395862e-03 4.279296041993446188e-03
6.047449678098885950e-04 1.519692263175647946e-03 2.421505852381038160e-03 3.093052324994468184e-03 3.407254091517053236e-03 3.514472487059116818e-03
4.974573959272731490e-04 1.240094232793039148e-03 2.007226318723978175e-03 2.569894371749591264e-03 2.844596260763576981e-03 2.938342361760190851e-03
4.151732172143401197e-04 1.026757878750512998e-03 1.688278291872119226e-03 2.166655824570296127e-03 2.409725581315595635e-03 2.493732009541096452e-03
3.508108220923255942e-04 8.614105925351978358e-04 1.437046136760176734e-03 1.849567044627517922e-03 2.066838351427254580e-03 2.143444408844656906e-03
2.997030805628496993e-04 7.308600450379185501e-04 1.236139215364018750e-03 1.595935489483825149e-03 1.791836374157909076e-03 1.862599174060944633e-03
2.585638607542442590e-04 6.259716804968984286e-04 1.073405163166351456e-03 1.390005016339635304e-03 1.567943981615328762e-03 1.633995656020681636e-03
2.250245389211396403e-04 5.405635563238018939e-04 9.397887440059483162e-04 1.220645618053270041e-03 1.383236581117999568e-03 1.445460856254759128e-03
1.973576987110110337e-04 4.701725539373427564e-04 8.288202527737951368e-04 1.079720304824029241e-03 1.229059532049810253e-03 1.288108969843763723e-03
1.742975111152580698e-04 4.115346628577445714e-04 7.358232819099632879e-04 9.612701980310098477e-04 1.099029483931017719e-03 1.155382741517322308e-03
1.548948421410006090e-04 3.622533132045879594e-04 6.572248817183896875e-04 8.607277779432847024e-04 9.883730443185575771e-04 1.042351769334771408e-03
1.384290411963165935e-04 3.205124581549554448e-04 5.902611741391478907e-04 7.746356717376931111e-04 8.934440655690624065e-04 9.452833077313395381e-04
1.243466073642513457e-04 2.849333417268690963e-04 5.327768892734444832e-04 7.003456762139999466e-04 8.113970165634259209e-04 8.613141555938448428e-04
1.122179217064038135e-04 2.544423417005452605e-04 4.830333085715253277e-04 6.358108731246062519e-04 7.400003025868923806e-04 7.881707314186920353e-04
1.017065931587575765e-04 2.281785693733461831e-04 4.395932350400890126e-04 5.794882148505862886e-04 6.774871553315897675e-04 7.240038586580653046e-04
9.254627566797986229e-05 2.054568716259705028e-04 4.012677938600621788e-04 5.301716036961633344e-04 6.224500917077768758e-04 6.673955406174611601e-04
8.452413496896629349e-05 1.857159309028565694e-04 3.673136851656042911e-04 4.867535452807185609e-04 5.737391026780551623e-04 6.171940797146928002e-04
7.746776918804880788e-05 1.684682293205906341e-04 3.372749042053630733e-04 4.482947622498762428e-04 5.304071927998739314e-04 5.724774880262639871e-04
7.123594018727578915e-05 1.532912636508213964e-04 3.106357205790452949e-04 4.140088905369292984e-04 4.916890488475059162e-04 5.324542758928621803e-04
6.571157446506353968e-05 1.398477260709144018e-04 2.869144238789038577e-04 3.832181821060245985e-04 4.569538730359080122e-04 4.964855951528820152e-04
6.079694070729318198e-05 1.278790103073792854e-04 2.657743009718328310e-04 3.554125872475162855e-04 4.256700087383336875e-04 4.640362347443361931e-04
5.640988191168070217e-05 1.171869585615879328e-04 2.468612072976012514e-04 3.303022076747435414e-04 3.973945428732724014e-04 4.346596784074540200e-04
5.248105810915820637e-05 1.076118639671581748e-04 2.298022511217991158e-04 3.076487520399022956e-04 3.717520353702842171e-04 4.079602121219175421e-04
4.895173943522616297e-05 9.900988550665195894e-05 2.143441962793769405e-04 2.871903688595930904e-04 3.484329490121738861e-04 3.836166690859014105e-04
4.577201587687831837e-05 9.125661084271695226e-05 2.002836349359912824e-04 2.686650306929995913e-04 3.271708077714937366e-04 3.613554763766453778e-04
4.289931883022252162e-05 8.426000830807091585e-05 1.873935262027528656e-04 2.519065175998109227e-04 3.077368072657936230e-04 3.409485989349429172e-04
4.029715606498271159e-05 7.795311745163717866e-05 1.753865775590548125e-04 2.367997094192699587e-04 2.899252278070001110e-04 3.221986212011244965e-04
3.793403659221292911e-05 7.226934616013883800e-05 1.640953794839091200e-04 2.231836420706399902e-04 2.735602799563760100e-04 3.049277684580059718e-04
3.578258351275837967e-05 6.713490148422035964e-05 1.536063458884279588e-04 2.108212458656360980e-04 2.584902270962529899e-04 2.889850578917882722e-04
3.381900881579133418e-05 6.248800807198664402e-05 1.439270964337305411e-04 1.995120616751785785e-04 2.445807049122426650e-04 2.742265827116059911e-04
3.202272499987392348e-05 5.828411650555799474e-05 1.349421173497778001e-04 1.891925572603815305e-04 2.317169653070215473e-04 2.605436868422454210e-04
3.037593917235588195e-05 5.448544254749505307e-05 1.266388239996930117e-04 1.796943893868184884e-04 2.197919587718641171e-04 2.478264263683317356e-04
2.886300659352330217e-05 5.104704784463487118e-05 1.190273441698859474e-04 1.707426031879254831e-04 2.087115821252933778e-04 2.359878311423079748e-04
2.747008380110592634e-05 4.791685031951208832e-05 1.120297537711911290e-04 1.622151286079932646e-04 1.983866131606748431e-04 2.249476423152594381e-04
2.618482375272612850e-05 4.504206373084827618e-05 1.055561391534254128e-04 1.542496402729362525e-04 1.887376782277797569e-04 2.146306037466926106e-04
2.499632042239527770e-05 4.238215895298315611e-05 9.956912822614474422e-05 1.469281254295606723e-04 1.797037909146050733e-04 2.049803428611664117e-04
2.389511814861970318e-05 3.992017213818459026e-05 9.402177477114699155e-05 1.401419427505216767e-04 1.712380781522985054e-04 1.959402702611781264e-04
2.287289308347360280e-05 3.765287809709249304e-05 8.884668855266691912e-05 1.338042024366965376e-04 1.633268119440291156e-04 1.874565485632672280e-04
2.192226768478431972e-05 3.557563676601978596e-05 8.399303050828714717e-05 1.278009198595036881e-04 1.559678102521342596e-04 1.794812789630275351e-04
2.103656542313737767e-05 3.367568796269703558e-05 7.942995116393198793e-05 1.221323830480682015e-04 1.491207582797972786e-04 1.719756832401448732e-04
2.020977314097186317e-05 3.193907017560645572e-05 7.513568062863181548e-05 1.167848463930406004e-04 1.427056664130446986e-04 1.649072337329462719e-04
1.943663316916894232e-05 3.035794885174915975e-05 7.108367514734284152e-05 1.116803419045386451e-04 1.366483550244548318e-04 1.582420022983616222e-04
1.871252629184282887e-05 2.892204077544745661e-05 6.725084039962694546e-05 1.068481792161292187e-04 1.308952720185004297e-04 1.519549484931825031e-04
1.803338380040190580e-05 2.761282335975881008e-05 6.363287866298331812e-05 1.024995349396164298e-04 1.254075454915618470e-04 1.460181691490168793e-04
1.739549246821772382e-05 2.640464990374479000e-05 6.023813805629065101e-05 9.861085460775109539e-05 1.201773076221041253e-04 1.404046084089931139e-04
1.679538540869969640e-05 2.527583117207305013e-05 5.707017554773494578e-05 9.485018779968753221e-05 1.152271091406498188e-04 1.350929014969884823e-04
1.622988771718039732e-05 2.421210894431985835e-05 5.412220431570956167e-05 9.116185027471642918e-05 1.105602964510571552e-04 1.300590255008836273e-04
1.569621623798478686e-05 2.320772761190789571e-05 5.138118899549618202e-05 8.762879725869601407e-05 1.061553796816096414e-04 1.252884265302832444e-04
1.519190221165010610e-05 2.225971710493037663e-05 4.883326794602522894e-05 8.430460147960234206e-05 1.019913688871027961e-04 1.207604054492524351e-04
1.471480126736359288e-05 2.136607386679674814e-05 4.645517090439898539e-05 8.110964272085320875e-05 9.806234638594442019e-05 1.164544994135991866e-04
1.426293780231661919e-05 2.052436847531503744e-05 4.422293701417184472e-05 7.801638545504720017e-05 9.438918041570174033e-05 1.123539420863007481e-04
1.383443603151964709e-05 1.973150806962418476e-05 4.211502668628528789e-05 7.498591216272909935e-05 9.102037750248094116e-05 1.084403185947262557e-04
1.342752717979820848e-05 1.898405039836635776e-05 4.011966522197506593e-05 7.199691839103381484e-05 8.797269115855881560e-05 1.046934856887695391e-04
1.304062697342039647e-05 1.827876779050008620e-05 3.822683290853407716e-05 6.907979159291782257e-05 8.519258281496632521e-05 1.010966495375583107e-04
1.267230595843114867e-05 1.761279326350876100e-05 3.643259669641275221e-05 6.628913064303596902e-05 8.261813793389312214e-05 9.764655567403008436e-05
1.232129119145722077e-05 1.698343489346315014e-05 3.473551587313260133e-05 6.364890821608401540e-05 8.020795147495866266e-05 9.434954839098838217e-05
1.198644225950666568e-05 1.638812025116947153e-05 3.313464767094085695e-05 6.116060450602881545e-05 7.789401059381216032e-05 9.121984790477495175e-05
1.166668481012949291e-05 1.582444538249421761e-05 3.162130960035527532e-05 5.882886152567885394e-05 7.560629736564299487e-05 8.827889222374957808e-05
1.136100741603967243e-05 1.529018121530135473e-05 3.018588660979337101e-05 5.663768405738623594e-05 7.332535271975489978e-05 8.552892661888680294e-05
1.106845526892327686e-05 1.478329004861728276e-05 2.882132669572077299e-05 5.455520993812264713e-05 7.109597535631079581e-05 8.290440018924726418e-05
1.078817937131371488e-05 1.430193427627596466e-05 2.752821683668690963e-05 5.257630967360326778e-05 6.896156941465165287e-05 8.032377979102334848e-05
1.051939905975531675e-05 1.384445746492259002e-05 2.630836456122233858e-05 5.069935238302422604e-05 6.693901313598351591e-05 7.777176452244866946e-05
1.026141899575139795e-05 1.340938410945818527e-05 2.516356675128883329e-05 4.891653374507551203e-05 6.502497705489996486e-05 7.529948088434403530e-05
1.001359520634039196e-05 1.299538910845459920e-05 2.409073833912356926e-05 4.720354214842070224e-05 6.321118923814180075e-05 7.294393423978963789e-05
9.775295002282891751e-06 1.260128216349653722e-05 2.308661209608441870e-05 4.554024090102914030e-05 6.147808430805822542e-05 7.070537295097450059e-05
9.545896375076811098e-06 1.222596352738253518e-05 2.214744937925051973e-05 4.392495047109867172e-05 5.980955977894132245e-05 6.855626084788250449e-05
9.324792076782376926e-06 1.186840742160794802e-05 2.126689856522545754e-05 4.234622614653561805e-05 5.820308943654953416e-05 6.649453572119898704e-05
9.111433316742774058e-06 1.152765003310347702e-05 2.044045791390449175e-05 4.080631216095677386e-05 5.665388125945498512e-05 6.452049607954938627e-05
8.905318822360041499e-06 1.120278366786079878e-05 1.966247065331736752e-05 3.930617396774643759e-05 5.514344370915981106e-05 6.261712292001132807e-05
8.705995247267630616e-06 1.089294871936600013e-05 1.892935709720559024e-05 3.785753130501329759e-05 5.366294174412558935e-05 6.078409187600832659e-05
8.513054182083427547e-06 1.059733790220400853e-05 1.823621846202884173e-05 3.647257265665084435e-05 5.222486213441365744e-05 5.904020634925292169e-05
8.326110396639312320e-06 1.031518217897803959e-05 1.757542735499871645e-05 3.515330169709132105e-05 5.081540547170365120e-05 5.741712852255751484e-05
8.144793109700290232e-06 1.004575260547473777e-05 1.694067411901517724e-05 3.390353082836440238e-05 4.940619271066156381e-05 5.596823032005118157e-05
7.968730082611752712e-06 9.788359516973850992e-06 1.632667519746089225e-05 3.272374348628773812e-05 4.796747220131394228e-05 5.471906140761320230e-05
7.797546509403439604e-06 9.542355234434325812e-06 1.573732132558769797e-05 3.160436218761256100e-05 4.651038132598728654e-05 5.360894245455488725e-05
7.630906782412056439e-06 9.307128896647984446e-06 1.518076981194357465e-05 3.053516935620574738e-05 4.505528962232258598e-05 5.252357403542519664e-05
7.468516705576368309e-06 9.082105899083407495e-06 1.465845414556684157e-05 2.950310644268586453e-05 4.363460241857391721e-05 5.138449475937808761e-05
7.310121782653666476e-06 8.866744588554231147e-06 1.417374657997679163e-05 2.849497277081200055e-05 4.227354177502479926e-05 5.025068284719026561e-05
7.155519623818410925e-06 8.660536890669153607e-06 1.372655732128791548e-05 2.752011629290167713e-05 4.098606042387296038e-05 4.915015218688501724e-05
7.004521154103465811e-06 8.463000704153779809e-06 1.331364949671646099e-05 2.657388005971302597e-05 3.976377021912610711e-05 4.811745542469972266e-05
6.856949438532234343e-06 8.273679762498163944e-06 1.293352232768721236e-05 2.565876843392482956e-05 3.859020467213794976e-05 4.708594628747963661e-05
6.712641392409471100e-06 8.092140726031840523e-06 1.257971110477207949e-05 2.477084491221665614e-05 3.746055016021726622e-05 4.608690877481176997e-05
6.571448342126028033e-06 7.917977150714350905e-06 1.224515238303398534e-05 2.389505080874579853e-05 3.638200600979834301e-05 4.510927348306643860e-05
6.433232453760337821e-06 7.750808362696721894e-06 1.192388312163692765e-05 2.303809298590967102e-05 3.536018403739478032e-05 4.416797288035916518e-05
6.297880258527487697e-06 7.590268666470214707e-06 1.161253240469150543e-05 2.219945573642318376e-05 3.438903345760322328e-05 4.322566392201333439e-05
6.165284766896812311e-06 7.436009865329609463e-06 1.131060615318880656e-05 2.139027014585467786e-05 3.345594220001713454e-05 4.227726734347893349e-05
6.035356833660099830e-06 7.287703996892943198e-06 1.101797655831634234e-05 2.062570050076040123e-05 3.255000821155779522e-05 4.133304502182848147e-05
5.908024420831893165e-06 7.145045561459926804e-06 1.073464746026749756e-05 1.990286662956052365e-05 3.166460067461815929e-05 4.041077145833989892e-05
5.783219571756695943e-06 7.007745813937120731e-06 1.046086253624125078e-05 1.922039074648457222e-05 3.079880153584092664e-05 3.951042718040149814e-05
5.660878804565615635e-06 6.875530699076441487e-06 1.019687880907660676e-05 1.856873277318494707e-05 2.995532764015052161e-05 3.862541019609633188e-05
5.540941555790590735e-06 6.748136409029008408e-06 9.942612082168916045e-06 1.793013863279123722e-05 2.913895993936778983e-05 3.774880118112070569e-05
5.423357899177171646e-06 6.625302212637790284e-06 9.697673125005213643e-06 1.730274755943433286e-05 2.835370129950571578e-05 3.687826838211134297e-05
5.308090578135263081e-06 6.506777190820402820e-06 9.461616814317559825e-06 1.668250960397460982e-05 2.759879924821762284e-05 3.602020828374453770e-05
5.195113476559404910e-06 6.392326325247401671e-06 9.234089470004801353e-06 1.607313948795367534e-05 2.686967277364113514e-05 3.517879606771761946e-05
5.084406422160488791e-06 6.281735962919324817e-06 9.014782250254411696e-06 1.550412658231898033e-05 2.616025246944331112e-05 3.435804954993536790e-05
4.975949163804714135e-06 6.174808845706528340e-06 8.803366514260327677e-06 1.499008098040552453e-05 2.546418110907944327e-05 3.355736458639584731e-05
4.869716975646451732e-06 6.071355920436862525e-06 8.599493213508163276e-06 1.451887508972463221e-05 2.477853077039377761e-05 3.277199617722416114e-05
4.765683746189184040e-06 5.971199032516676104e-06 8.402805439289411861e-06 1.408653495619770416e-05 2.410384100159366539e-05 3.199903738890139240e-05
4.663825407982540936e-06 5.874162526160892456e-06 8.212971952716731198e-06 1.367908776489118720e-05 2.344289310078822642e-05 3.124262532046715650e-05
4.564118632734840776e-06 5.780072671436795842e-06 8.029664369152091744e-06 1.327506953007094787e-05 2.280086579305381920e-05 3.050196639700844948e-05
4.466540547655695137e-06 5.688765584644514305e-06 7.852573370139607719e-06 1.287798971459533874e-05 2.218033783928302229e-05 2.977419447131904963e-05
4.371069116515162633e-06 5.600088815563045402e-06 7.681414220401163454e-06 1.249346399506510957e-05 2.158193059778930418e-05 2.905663491330064978e-05
4.277687547335761710e-06 5.513907233469351260e-06 7.515904944410747924e-06 1.212406421179985276e-05 2.100358753243610597e-05 2.834623792057462555e-05
4.186387047101304693e-06 5.430095275386421319e-06 7.355803359706987861e-06 1.177242108879114866e-05 2.044228646567452395e-05 2.764797900010371355e-05
4.097150751349874683e-06 5.348533865519510759e-06 7.200898563223423503e-06 1.143809799878192360e-05 1.989592048502002221e-05 2.696999605282420688e-05
4.009961876366286611e-06 5.269110510848543513e-06 7.051002131730947210e-06 1.111718891157181262e-05 1.936426343482557544e-05 2.631724490714045135e-05
3.924800508517545425e-06 5.191716181276854335e-06 6.905944436141416454e-06 1.080617013608356580e-05 1.884914598452447563e-05 2.569016495826081611e-05
3.841630321118881044e-06 5.116239516938340575e-06 6.765587953783787427e-06 1.050147429352710435e-05 1.834867331959301757e-05 2.509129208687466326e-05
3.760412997047920102e-06 5.042577759487472660e-06 6.629800163383992530e-06 1.020277853616759481e-05 1.786080468947645828e-05 2.451670101589426627e-05
3.681112220827873133e-06 4.970635007609996639e-06 6.498452416985679418e-06 9.912878774863018863e-06 1.738382600728842606e-05 2.396241062387419941e-05
3.603693798303115463e-06 4.900328091118211763e-06 6.371418033784269690e-06 9.636280610296857238e-06 1.691399261387645163e-05 2.342487430523024583e-05
3.528125857608909362e-06 4.831583016187421126e-06 6.248560469758920607e-06 9.378023946750045216e-06 1.644894485412699188e-05 2.289495339285417056e-05
3.454378643100799932e-06 4.764329625354388060e-06 6.129744524992646476e-06 9.141239044713056478e-06 1.598670122447487459e-05 2.237097773341361148e-05
3.382424372586838302e-06 4.698501001094081349e-06 6.014839061579811543e-06 8.926181099618620690e-06 1.552503008799995034e-05 2.185478208156287294e-05
3.312237974926098948e-06 4.634033565726621827e-06 5.903713395081623803e-06 8.730628305920748927e-06 1.506347620985492164e-05 2.135476294464335066e-05
3.243797033361350509e-06 4.570865728553492748e-06 5.796237831161955446e-06 8.551082627869744380e-06 1.460409528698297805e-05 2.088047828801602442e-05
3.177069587786169756e-06 4.508937998131051374e-06 5.692288656432707675e-06 8.383144978472314613e-06 1.414722859034392121e-05 2.043271303641737920e-05
3.112023102729517468e-06 4.448195402565545348e-06 5.591741303177861438e-06 8.222342721755087835e-06 1.369732233010376622e-05 2.001227580400042407e-05
3.048624619375616302e-06 4.388586254885129216e-06 5.494472168979880240e-06 8.065441259649402961e-06 1.325861583618337146e-05 1.960892991929579174e-05
2.986829424521867104e-06 4.330064976688527944e-06 5.400360205998775890e-06 7.910884889115739921e-06 1.283495925548349153e-05 1.920762665966228315e-05
2.926592830626120930e-06 4.272588150941099316e-06 5.309289639727516954e-06 7.758560106318809278e-06 1.243063886433928370e-05 1.880493306774755225e-05
2.867872642163476266e-06 4.216117428552749426e-06 5.221149736359244327e-06 7.608704625222958382e-06 1.204954133628589609e-05 1.839743732991888466e-05
2.810629003621256420e-06 4.160617041232854342e-06 5.135831652601630630e-06 7.461679351099952658e-06 1.169264566619262454e-05 1.798307078138948483e-05
2.754824233222258901e-06 4.106054659484734421e-06 5.053227437976137352e-06 7.317827420970593448e-06 1.135887170438915283e-05 1.757062326015772352e-05
2.700422810400115030e-06 4.052399732546820573e-06 4.973230511403487022e-06 7.177414390955791120e-06 1.104527013452852084e-05 1.716776402781309936e-05
2.647391164761223829e-06 3.999622455731735281e-06 4.895739621185299500e-06 7.040631066096718262e-06 1.074687818283568548e-05 1.677300785776799142e-05
2.595697605343803980e-06 3.947695290889852137e-06 4.820660624036847372e-06 6.907563329532955679e-06 1.045952902007071476e-05 1.639084310096338977e-05
2.545311970320108169e-06 3.896591273608844840e-06 4.747898925622798884e-06 6.778160534687351936e-06 1.018091017899474668e-05 1.602110669290064668e-05
2.496205141572532266e-06 3.846286213318572255e-06 4.677359054546153516e-06 6.652267401268085549e-06 9.910217260958128872e-06 1.565599241292044922e-05
2.448345449652499058e-06 3.796757910469195062e-06 4.608953113038828736e-06 6.529748771410488601e-06 9.647175236263711104e-06 1.529128386723440584e-05
2.401699908214649057e-06 3.747984675577220283e-06 4.542599488628966196e-06 6.410549640179917783e-06 9.394642813019102282e-06 1.492702493751320680e-05
2.356236093910949150e-06 3.699945694190758898e-06 4.478220144426071099e-06 6.294595168783417483e-06 9.154768649425646008e-06 1.456228033082106875e-05
2.311918509728000635e-06 3.652621265757352417e-06 4.415741656133937341e-06 6.181770277314676457e-06 8.927060542656563885e-06 1.420041673188989138e-05
2.268710898933864749e-06 3.605992216736047071e-06 4.355091730958528204e-06 6.071982749255553704e-06 8.707792714226849314e-06 1.385217340834688986e-05
2.226578111278071070e-06 3.560041055495011311e-06 4.296200493300575185e-06 5.965130107754639351e-06 8.495337892962561067e-06 1.352456448678538864e-05
2.185486139628416590e-06 3.514751442036850632e-06 4.238997870796723944e-06 5.861085819605301605e-06 8.286849189982575619e-06 1.321750039295105603e-05
2.145402004944345913e-06 3.470106251717234831e-06 4.183414580799053184e-06 5.759727361314560649e-06 8.081064078182793883e-06 1.292887133347810275e-05
2.106293724760133037e-06 3.426088300161120936e-06 4.129383949114709351e-06 5.660941065718784190e-06 7.878000296955504003e-06 1.265192514215856953e-05
2.068130412793728254e-06 3.382679410933398845e-06 4.076853530756167992e-06 5.564619834877600462e-06 7.681455368175744880e-06 1.237103764950951943e-05
2.030882181953298692e-06 3.339862275935550475e-06 4.025771391100587432e-06 5.470661603896880556e-06 7.495414249460119913e-06 1.207891737126360608e-05
1.994520177770695746e-06 3.297620451409446574e-06 3.976085570355946003e-06 5.378974358507985170e-06 7.324213453244138291e-06 1.177980010539934059e-05
1.959016482946502645e-06 3.255938249902304148e-06 3.927746520219053604e-06 5.289469328485021700e-06 7.169447894596996243e-06 1.147538519079853282e-05
1.924344014100372703e-06 3.214800643313972685e-06 3.880705730181837852e-06 5.202075962607498352e-06 7.030483949556886865e-06 1.116409856141347463e-05
1.890476694927492498e-06 3.174193358289035039e-06 3.834915018546270571e-06 5.116737180321845678e-06 6.905613815041271928e-06 1.085528332328279024e-05
1.857389915613942550e-06 3.134102573234214459e-06 3.790328551949038867e-06 5.033406161067113559e-06 6.791518187896761528e-06 1.055804455332690867e-05
1.825060620196952932e-06 3.094514831683197600e-06 3.746898093571752572e-06 4.952043425523914926e-06 6.684420052396639490e-06 1.027172762736938493e-05
1.793466744121208005e-06 3.055417530164281047e-06 3.704574819437618192e-06 4.872611211998391653e-06 6.580769433575603072e-06 9.995452557926978469e-06
1.762588020922873974e-06 3.016799746430319624e-06 3.663323394446784138e-06 4.795083248179388294e-06 6.478757959787706953e-06 9.732492614297893956e-06
1.732405381653979169e-06 2.978651217455264885e-06 3.623106710340683506e-06 4.719436077198110395e-06 6.377514530504181444e-06 9.485325472644129296e-06
1.702900480828465008e-06 2.940962183573218558e-06 3.583884822400786665e-06 4.645645574612054550e-06 6.276880687038422181e-06 9.247138199873831504e-06
1.674055704353206628e-06 2.903723499896124063e-06 3.545618443059336006e-06 4.573670609681245244e-06 6.177116045853219868e-06 9.015467600168428807e-06
1.645854086079359876e-06 2.866926278450645518e-06 3.508273258155761015e-06 4.503493516920509605e-06 6.078543590467275314e-06 8.790484431215968742e-06
1.618279344595395405e-06 2.830561961607434460e-06 3.471815645969008921e-06 4.435098156112263825e-06 5.981482334132251390e-06 8.571602740325437263e-06
1.591315829488837162e-06 2.794621932313892874e-06 3.436211551386193553e-06 4.368444593162164297e-06 5.886199921784779941e-06 8.357572395046287974e-06
1.564948495418075016e-06 2.759097894592795334e-06 3.401429057771885037e-06 4.303497295525596223e-06 5.792972076927128579e-06 8.149695620402376092e-06
1.539162934823797591e-06 2.723981918525652487e-06 3.367431596759436603e-06 4.240226814496740502e-06 5.701905638611721167e-06 7.950030110526468531e-06
1.513945284330644571e-06 2.689266250637000535e-06 3.334186736083173916e-06 4.178599515366858588e-06 5.612954432962608225e-06 7.759376690422445532e-06
1.489282220247831635e-06 2.654943247522443200e-06 3.301671445208219490e-06 4.118576291437906204e-06 5.525994196038164578e-06 7.576381661841288656e-06
1.465160910442301591e-06 2.621005400420629023e-06 3.269860411896872248e-06 4.060124585501249559e-06 5.440935050906561317e-06 7.400916913219656388e-06
1.441569037325374695e-06 2.587446071582561666e-06 3.238726994314958500e-06 4.003210631153557098e-06 5.357730122053854532e-06 7.233488958393284426e-06
1.418494520406610202e-06 2.554260132647368282e-06 3.208243366070972065e-06 3.947798556375523563e-06 5.276354759222449381e-06 7.073957998816064417e-06
1.395924899687311814e-06 2.521443468838114787e-06 3.178383044325521790e-06 3.893854178054463913e-06 5.196780812531238112e-06 6.922020982078438694e-06
1.373847856966593595e-06 2.488993694371148670e-06 3.149121217078647266e-06 3.841326729523032515e-06 5.118962024268485645e-06 6.777352139129737316e-06
1.352251262237238868e-06 2.456909120818761720e-06 3.120433093848871744e-06 3.790151721128654813e-06 5.042834648230975434e-06 6.639547479654458828e-06
1.331122571465606050e-06 2.425187981941284005e-06 3.092293999663917089e-06 3.740309731310911321e-06 4.968341319972731788e-06 6.508129482064042048e-06
1.310449000508145505e-06 2.393828200488569528e-06 3.064679445954209656e-06 3.691790302374844408e-06 4.895432837670259041e-06 6.382568121368942535e-06
1.290218024841324899e-06 2.362827730957074029e-06 3.037561217058351005e-06 3.644560975731178966e-06 4.824050449813090050e-06 6.262703966456252997e-06
1.270417485479111639e-06 2.332184505107636605e-06 3.010920377605268524e-06 3.598581829108772786e-06 4.754139635947875428e-06 6.148348887612617486e-06
1.251035595711805004e-06 2.301896543348019784e-06 2.984739551766602500e-06 3.553818512503577595e-06 4.685645140538905581e-06 6.039408018931787286e-06
1.232060897521847636e-06 2.271961968175149171e-06 2.959000261403978766e-06 3.510241030114528009e-06 4.618513299851891506e-06 5.935696883986444832e-06
1.213482279467231943e-06 2.242378874774970069e-06 2.933684306901435331e-06 3.467814207659456696e-06 4.552694879325554786e-06 5.836956082024002279e-06
1.195288928525250511e-06 2.213145320571412773e-06 2.908773827449113841e-06 3.426504292223100050e-06 4.488139021065890113e-06 5.742765347461341651e-06
1.177470347754189728e-06 2.184258961080859977e-06 2.884253558713196181e-06 3.386261523854341950e-06 4.424796639702054530e-06 5.652641397688967305e-06
1.160016333731233557e-06 2.155716844027192374e-06 2.860110470074303017e-06 3.347018217994048016e-06 4.362627390017568308e-06 5.566026953024504230e-06
1.142916949716963908e-06 2.127516661012264765e-06 2.836331902293496656e-06 3.308758214106811089e-06 4.301595687057568333e-06 5.482323146262723266e-06
1.126162546826575611e-06 2.099657125256738859e-06 2.812904238257975441e-06 3.271476714094546196e-06 4.241671002132736024e-06 5.401033753539418089e-06
1.109743738056399679e-06 2.072137454386639783e-06 2.789812878415263702e-06 3.235157514216626771e-06 4.182830958444809891e-06 5.321794235739361474e-06
1.093651392289086915e-06 2.044958164015257789e-06 2.767039857073774020e-06 3.199774277027555697e-06 4.125057031452539413e-06 5.244328971570047327e-06
1.077876645720933425e-06 2.018119790915056682e-06 2.744569230622901602e-06 3.165296411570682736e-06 4.068335800886129372e-06 5.168490259219187636e-06
1.062410898833750330e-06 1.991622711236721174e-06 2.722388636430165937e-06 3.131696882555645497e-06 4.012658727336388575e-06 5.094208677981768253e-06
1.047246081474140756e-06 1.965467031889328704e-06 2.700485138432279773e-06 3.098950889375180050e-06 3.958024726427003880e-06 5.021560437546550416e-06
1.032374465987035287e-06 1.939652676826346815e-06 2.678845672170742102e-06 3.067027288080769162e-06 3.904433324833591822e-06 4.950694599686053789e-06
1.017788546267190591e-06 1.914179383791620572e-06 2.657457687280124279e-06 3.035896719080624490e-06 3.851882203631907168e-06 4.881787961706706113e-06
1.003481163062833930e-06 1.889046755314246179e-06 2.636309375866116900e-06 3.005508244159860217e-06 3.800368507922262463e-06 4.814799234738203211e-06
9.894456333876135496e-07 1.864254234577161144e-06 2.615390783449023286e-06 2.975813904384247593e-06 3.749889707333133313e-06 4.749668482797928163e-06
9.756755053258305052e-07 1.839801057011327868e-06 2.594692719893397273e-06 2.946803721645123316e-06 3.700438090948687986e-06 4.686310257460977107e-06
9.621645051289725894e-07 1.815686256321710048e-06 2.574207173367335249e-06 2.918474845082827758e-06 3.652007702199027462e-06 4.624518910421219033e-06
9.489065311262746204e-07 1.791908113424455245e-06 2.553926346971022775e-06 2.890812032463872877e-06 3.604587440171777372e-06 4.564104854378865223e-06
9.358956669336102604e-07 1.768463353017465854e-06 2.533843470364159076e-06 2.863796431331112252e-06 3.558163451738981783e-06 4.504847272980134016e-06
9.231261451573968007e-07 1.745348441578674173e-06 2.513952339542124800e-06 2.837408771229197252e-06 3.512718647477122899e-06 4.446653413832142548e-06
9.105923714895235025e-07 1.722559701305454336e-06 2.494245332602236076e-06 2.811624986551094149e-06 3.468235994881720653e-06 4.389465355501401863e-06
8.982889027833221130e-07 1.700093595216497376e-06 2.474717812093655610e-06 2.786421318922927261e-06 3.424701177775085481e-06 4.333228392043264691e-06
8.862104410849144748e-07 1.677947406154983816e-06 2.455365169186555190e-06 2.761776625027102286e-06 3.382101067404134602e-06 4.277910004421647519e-06
8.743518432450779250e-07 1.656119487414143394e-06 2.436180581109757084e-06 2.737666523720951103e-06 3.340421260882357042e-06 4.223493047350142421e-06
8.627080993624351941e-07 1.634608205051948105e-06 2.417156590703425914e-06 2.714069183722268916e-06 3.299648176209911689e-06 4.169965353126399221e-06
8.512743378929545025e-07 1.613411786196404983e-06 2.398285919447038827e-06 2.690939754053879701e-06 3.259770036498451200e-06 4.117317120608836066e-06
8.400458212731328573e-07 1.592528396863853842e-06 2.379561887603419042e-06 2.668256643926148674e-06 3.220770960188933077e-06 4.065531602714477741e-06
8.290179390498151552e-07 1.571956129943411468e-06 2.360978712469555463e-06 2.646014495384939537e-06 3.182640241954919954e-06 4.014596069172342932e-06
8.181861995325859141e-07 1.551693023712037178e-06 2.342531113451367036e-06 2.624210468986567724e-06 3.145364494341467508e-06 3.964504151359078687e-06
8.075462412335114436e-07 1.531737059931239618e-06 2.324213713172070297e-06 2.602835747245476564e-06 3.108928279386564434e-06 3.915231697071999821e-06
7.970938099392257594e-07 1.512086169232331617e-06 2.306020309052788689e-06 2.581880937447412537e-06 3.073310321677228605e-06 3.866749428768066516e-06
7.868247644071945430e-07 1.492738250094251437e-06 2.287943920555362886e-06 2.561336599211348944e-06 3.038492123235069130e-06 3.819037551139114720e-06
7.767350830602763567e-07 1.473691102916621664e-06 2.269977034058727113e-06 2.541191217033358831e-06 3.004457093856549245e-06 3.772079085914954086e-06
7.668208345686195584e-07 1.454942318791210321e-06 2.252109984425873987e-06 2.521428687362820735e-06 2.971192562717813778e-06 3.725864083307223959e-06
7.570782007581547684e-07 1.436488376210618242e-06 2.234335458662978640e-06 2.502033004952523922e-06 2.938684154510079252e-06 3.680384530472652802e-06
7.475034645917553312e-07 1.418325248932603752e-06 2.216651322745182018e-06 2.482993395817829430e-06 2.906916534438279106e-06 3.635635662297941248e-06
7.380929942341201930e-07 1.400448672597019867e-06 2.199055488221995203e-06 2.464299933345068867e-06 2.875875280849090786e-06 3.591612644983967437e-06
7.288432629405158786e-07 1.382853343449917407e-06 2.181545844291841875e-06 2.445939393197234393e-06 2.845545730303616613e-06 3.548308596604063482e-06
7.197508319221377901e-07 1.365534260412395640e-06 2.164119740841439342e-06 2.427886611668947135e-06 2.815913035999828763e-06 3.505711605927667323e-06
7.108123441600739040e-07 1.348486692580977455e-06 2.146774339290637454e-06 2.410136228439711462e-06 2.786966152973894122e-06 3.463812900317077443e-06
7.020245354473623258e-07 1.331706354225133801e-06 2.129507423374796023e-06 2.392688018604607807e-06 2.758689672811422587e-06 3.422610279928064963e-06
6.933842238967692911e-07 1.315189272991944369e-06 2.112317365316428932e-06 2.375541167191021917e-06 2.731065370037801753e-06 3.382100320016614213e-06
6.848883024291783811e-07 1.298931537096152760e-06 2.095202895638929539e-06 2.358690565019397417e-06 2.704071869947583801e-06 3.342265990889206125e-06
6.765337464001753360e-07 1.282929265596143054e-06 2.078163962399875567e-06 2.342129026605105127e-06 2.677693999605787103e-06 3.303093496060356493e-06
6.683176094646252594e-07 1.267178651151400441e-06 2.061200006575622921e-06 2.325848225146514417e-06 2.651921535256602545e-06 3.264574604861983331e-06
6.602370126027627820e-07 1.251675946291327248e-06 2.044309830189291891e-06 2.309838165207269124e-06 2.626741854173405621e-06 3.226703168269359878e-06
6.522891501970898629e-07 1.236417471312169639e-06 2.027491314316318638e-06 2.294089228059273754e-06 2.602144233478251196e-06 3.189469675341356313e-06
6.444712911453371666e-07 1.221399607501829774e-06 2.010742448667189539e-06 2.278589982559677402e-06 2.578115380610320938e-06 3.152868086122778677e-06
6.367807661079517959e-07 1.206618795522760264e-06 1.994059763978639358e-06 2.263329083791663397e-06 2.554640029247009958e-06 3.116899139327327112e-06
6.292149691897758590e-07 1.192071529962775070e-06 1.977441245912063816e-06 2.248301662236208295e-06 2.531705545512984689e-06 3.081565703912058457e-06
6.217713664120429032e-07 1.177754355378621282e-06 1.960886651738096575e-06 2.233500585792597303e-06 2.509298375832140822e-06 3.046869834243727430e-06
6.144474816543533540e-07 1.163663861003182364e-06 1.944395655003414795e-06 2.218915898869022679e-06 2.487405536319118674e-06 3.012811250743662024e-06
6.072408927260002868e-07 1.149796449888473315e-06 1.927967626734712239e-06 2.204535259057548186e-06 2.466011726516121479e-06 2.979385623508885805e-06
6.001492454247359875e-07 1.136148303484868133e-06 1.911601520563030052e-06 2.190357923700656936e-06 2.445097433555518091e-06 2.946580063068265855e-06
5.931702414578735439e-07 1.122715671373122729e-06 1.895296398884079145e-06 2.176385729578515708e-06 2.424643340671763756e-06 2.914371497725506425e-06
5.863016283234126163e-07 1.109494615286945516e-06 1.879052424864547193e-06 2.162620511414438212e-06 2.404636178634702934e-06 2.882746261453624622e-06
5.795412157501937088e-07 1.096481020568327956e-06 1.862870606152789582e-06 2.149060888729202929e-06 2.385066746351843203e-06 2.851700797216324993e-06
5.728868681854893737e-07 1.083670840860886163e-06 1.846751967730633446e-06 2.135702776383204539e-06 2.365922310515074714e-06 2.821229574624423061e-06
5.663364903118946840e-07 1.071060071444456931e-06 1.830698309016597831e-06 2.122540021422808589e-06 2.347192219813409120e-06 2.791313057710260523e-06
5.598880418142145039e-07 1.058644786860514065e-06 1.814711476305215282e-06 2.109565736305625899e-06 2.328865589278121424e-06 2.761945616745636391e-06
5.535395353005956077e-07 1.046421111893717674e-06 1.798793404683831340e-06 2.096772197671793083e-06 2.310928798556404338e-06 2.733127370627113235e-06
5.472890214702957952e-07 1.034385242677908458e-06 1.782946241213765106e-06 2.084151927552602693e-06 2.293368577821998651e-06 2.704858854333325425e-06
5.411345982582399429e-07 1.022533463538375730e-06 1.767172322274202532e-06 2.071697734680638024e-06 2.276173267367705074e-06 2.677141698973399696e-06
5.350744125487108051e-07 1.010862148454420097e-06 1.751473765035673109e-06 2.059401427052380008e-06 2.259330784964887822e-06 2.649975876480179787e-06
5.291066503467913048e-07 9.993677554495758033e-07 1.735852977193030095e-06 2.047256385477514340e-06 2.242827287514669003e-06 2.623359511349708491e-06
5.232295380150036260e-07 9.880468256752388171e-07 1.720312528303613867e-06 2.035258270976854563e-06 2.226649071001958567e-06 2.597284798045221198e-06
5.174413456102551192e-07 9.768959849850310881e-07 1.704853979507939828e-06 2.023392045031404827e-06 2.210779631364814959e-06 2.571730691522658218e-06
5.117403823266708138e-07 9.659119418800616718e-07 1.689478801126050311e-06 2.011638765876988531e-06 2.195206699090585533e-06 2.546678765993017863e-06
5.061249956867922560e-07 9.550914748779919598e-07 1.674188603131870165e-06 1.999999778834336086e-06 2.179924127440227206e-06 2.522121381623806640e-06
5.005935699781201771e-07 9.444314389261758104e-07 1.658985035319916241e-06 1.988480411137425468e-06 2.164927072647222709e-06 2.498055854612691977e-06
4.950938898587101373e-07 9.339287581568128972e-07 1.643870328297674894e-06 1.977085751785930713e-06 2.150205591454064111e-06 2.474462742315597631e-06
4.896144298323104298e-07 9.235804252701013059e-07 1.628845796053522398e-06 1.965814950980010458e-06 2.135751972154925929e-06 2.451325275926557092e-06
4.841681470351831301e-07 9.133835159087205924e-07 1.613912385676483340e-06 1.954664928504416528e-06 2.121557170578700537e-06 2.428638936359195041e-06
4.787314484644006473e-07 9.033352010725707091e-07 1.599070952780344717e-06 1.943632234923122921e-06 2.107610752891120998e-06 2.406401491191998186e-06
4.733020689097974737e-07 8.934327299717155884e-07 1.584322296919972654e-06 1.932713077473218717e-06 2.093903323135849116e-06 2.384611214728952134e-06
4.678558235770963555e-07 8.836734126760203966e-07 1.569666967135153327e-06 1.921904074056620267e-06 2.080426260556260923e-06 2.363268683995363980e-06
4.623584784356142252e-07 8.740546582164118134e-07 1.555105332592771458e-06 1.911201925589091201e-06 2.067169579212363186e-06 2.342373525434436216e-06
4.568236312576363732e-07 8.645739461370734220e-07 1.540637855994505736e-06 1.900603235836004837e-06 2.054123839279943253e-06 2.321924882339301497e-06
4.512154720240534848e-07 8.552288013961674282e-07 1.526265701929379469e-06 1.890103896669554837e-06 2.041279217590819606e-06 2.301917281018418988e-06
4.454918111854912743e-07 8.460168199161532211e-07 1.511990564881552885e-06 1.879699134430411546e-06 2.028623755626586090e-06 2.282334216925513697e-06
4.396758845133072354e-07 8.369357316695254417e-07 1.497814809296530900e-06 1.869384367355123632e-06 2.016148276519211984e-06 2.263156275883908617e-06
4.337336548304913733e-07 8.279833535401674358e-07 1.483740979196184240e-06 1.859153973990203890e-06 2.003847129220043862e-06 2.244371467294909768e-06
4.276077120758335502e-07 8.191575914481403905e-07 1.469772067796586516e-06 1.849002099479673796e-06 1.991718244992375787e-06 2.225974580140259826e-06
4.213410913783277688e-07 8.104564709283595176e-07 1.455912438846764565e-06 1.838915573146635101e-06 1.979760686327693742e-06 2.207958441373185553e-06
4.149406683699984138e-07 8.018780696082641675e-07 1.442162542857037678e-06 1.828890167985053774e-06 1.967968982542601655e-06 2.190299691835515267e-06
4.083704450022540303e-07 7.934204984087522924e-07 1.428522935159434724e-06 1.818924551165715726e-06 1.956338600079286583e-06 2.172989774789347627e-06
4.016677756346710389e-07 7.850818978751659675e-07 1.414994506957867613e-06 1.809019762824574787e-06 1.944864050299274144e-06 2.156022290497977818e-06
3.948736900573789977e-07 7.768604439497404584e-07 1.401578459572551024e-06 1.799174100733993786e-06 1.933539998704120100e-06 2.139391819579138319e-06
3.879430904973913031e-07 7.687543453031943155e-07 1.388275955098171997e-06 1.789382734996931326e-06 1.922362035675490180e-06 2.123094387822147669e-06
3.809179737321184801e-07 7.607618444062776158e-07 1.375088247825303806e-06 1.779639775659884244e-06 1.911327777863019515e-06 2.107128225311461548e-06
3.738567477131126370e-07 7.528812143914521066e-07 1.362016426076891449e-06 1.769939365574911283e-06 1.900434545463730740e-06 2.091490709578866843e-06
3.667651394733350773e-07 7.451107573369830843e-07 1.349060678154054126e-06 1.760275708533635712e-06 1.889678988134120361e-06 2.076179761607108622e-06
3.596107899391577118e-07 7.374488078591398434e-07 1.336220834645546670e-06 1.750644607256458648e-06 1.879057477649791742e-06 2.061190885394802193e-06
3.524271995981679345e-07 7.298937288086999454e-07 1.323496161267740613e-06 1.741043262960113281e-06 1.868566189752336413e-06 2.046514059212071725e-06
3.452514833024514085e-07 7.224439114856369189e-07 1.310885395005376415e-06 1.731470331995040429e-06 1.858202223286734808e-06 2.032133338089674119e-06
3.380830480558657530e-07 7.150977751215861994e-07 1.298387323613496857e-06 1.721923345021042483e-06 1.847962914940197751e-06 2.018034003653303583e-06
3.309306754495590569e-07 7.078537207323547152e-07 1.286000762019313264e-06 1.712400750277769713e-06 1.837849282136750980e-06 2.004207582550487548e-06
3.238263721708700806e-07 7.007101084116685478e-07 1.273724823834749406e-06 1.702900091925248864e-06 1.827863473566484051e-06 1.990653673814081497e-06
3.167937721114517394e-07 6.936653270255357467e-07 1.261559389126757934e-06 1.693419552379431527e-06 1.818007259840474975e-06 1.977356865348681142e-06
3.098179461234777810e-07 6.867177803083668357e-07 1.249504816735702284e-06 1.683959369224840224e-06 1.808279733104958792e-06 1.964304195865588108e-06
3.028967752964220321e-07 6.798658158884340369e-07 1.237562218756539095e-06 1.674517689240150910e-06 1.798678968103239736e-06 1.951488230926476748e-06
2.960449007594816461e-07 6.731077983298126892e-07 1.225732806671464159e-06 1.665094745920940010e-06 1.789201829012191687e-06 1.938902209372614502e-06
2.892632879405948266e-07 6.664421292040575669e-07 1.214018345779450193e-06 1.655690333480491789e-06 1.779844038506852199e-06 1.926539102368119106e-06
2.825472716776559502e-07 6.598672423796711826e-07 1.202422121252656595e-06 1.646303914717869345e-06 1.770601225772165753e-06 1.914394834416915484e-06
2.758897493669089510e-07 6.533816029978865830e-07 1.190943976621387783e-06 1.636931331788748814e-06 1.761470378813264183e-06 1.902466285587633963e-06
2.692991543235028046e-07 6.469836921910056511e-07 1.179583719827475614e-06 1.627568239374114732e-06 1.752448856555165436e-06 1.890749938303222601e-06
2.627831375033098082e-07 6.406719906854658574e-07 1.168341486398477580e-06 1.618210212354614589e-06 1.743533958149041860e-06 1.879242754182972691e-06
2.563346666903555208e-07 6.344450047866951928e-07 1.157217789205557064e-06 1.608853399178110070e-06 1.734723968141427191e-06 1.867941306860927738e-06
2.499449250380126665e-07 6.283012504313791258e-07 1.146213126317136655e-06 1.599494083309622014e-06 1.726016810662593074e-06 1.856840532345934417e-06
2.436257515890415451e-07 6.222392497171093369e-07 1.135328058905628237e-06 1.590129246531993260e-06 1.717410132251806775e-06 1.845930970885404689e-06
2.373718058212359471e-07 6.162575552000209133e-07 1.124563119744585945e-06 1.580755915865088546e-06 1.708902073669800050e-06 1.835199625749209574e-06
2.311833051300334086e-07 6.103547476269752406e-07 1.113918261081519407e-06 1.571372239045301748e-06 1.700492010715822767e-06 1.824638442068115609e-06
2.250649569220497683e-07 6.045294392247176861e-07 1.103392968816106294e-06 1.561976951514092637e-06 1.692179961243099852e-06 1.814244892768527534e-06
2.190068407167804018e-07 5.987802727666047334e-07 1.092986674293933456e-06 1.552569411816150198e-06 1.683966085465683253e-06 1.804015499583919746e-06
2.130104218328218435e-07 5.931059157287141441e-07 1.082698104237154328e-06 1.543149893518199438e-06 1.675852591996841302e-06 1.793939810811474591e-06
2.070779934017089992e-07 5.875050642388305078e-07 1.072525750131289178e-06 1.533719019786108289e-06 1.667839797644989744e-06 1.784010537281758298e-06
2.012054824594951068e-07 5.819764418279798753e-07 1.062468141134930380e-06 1.524277479578569774e-06 1.659926949328644984e-06 1.774221786288216865e-06
1.953890417991723498e-07 5.765187961860372378e-07 1.052523832246754602e-06 1.514826679103534097e-06 1.652113531896593996e-06 1.764568824454542867e-06
1.896204019935172357e-07 5.711309028009987142e-07 1.042691390594565130e-06 1.505367901021773348e-06 1.644397358727780905e-06 1.755046465804806049e-06
1.839017443224707360e-07 5.658115602499689021e-07 1.032969440505447851e-06 1.495903793407183815e-06 1.636775726655346192e-06 1.745651439827367380e-06
1.782316928467293374e-07 5.605595902847994031e-07 1.023356861373662148e-06 1.486438090170984792e-06 1.629245857242334234e-06 1.736381338589171631e-06
