1.850225796127308864e-01 2.275191757016506444e-01 2.130797673345329324e-01 2.128026540661165922e-01 2.143329300913059121e-01 2.275468362497019559e-01
4.439579896545152449e-02 5.592552320726823512e-02 5.224142463913781370e-02 5.210803950383669642e-02 5.243307116628077164e-02 5.535963737708504001e-02
1.894147368678169782e-02 2.437749794763912140e-02 2.271904664731741116e-02 2.263216571335288294e-02 2.276734685006245526e-02 2.387452291168823057e-02
1.029502284302538477e-02 1.348808357480415707e-02 1.255191442024961371e-02 1.247843922075071027e-02 1.256596142789799878e-02 1.310528044172543961e-02
6.417837209662089794e-03 8.516265490787372841e-03 7.920484917172251546e-03 7.857264644789965433e-03 7.914345030022310740e-03 8.197655626716281174e-03
4.370743048346283424e-03 5.846395154112329559e-03 5.436856490282381861e-03 5.383585600677492748e-03 5.426817343903329871e-03 5.583217991941778410e-03
3.171701018063899195e-03 4.251927561666797237e-03 3.958069853440888963e-03 3.907968893614328747e-03 3.948335191117291997e-03 4.038024667422677322e-03
2.412341050263338334e-03 3.225528315143229730e-03 3.008457070945776135e-03 2.963102574764951789e-03 3.001489931807716904e-03 3.052940288551582882e-03
1.902361052437368666e-03 2.526462453683420411e-03 2.364694792460850931e-03 2.323393707352494272e-03 2.358621859307065589e-03 2.388092376549320016e-03
1.542514861902875064e-03 2.029177456853987430e-03 1.909366668745416697e-03 1.869870500350416520e-03 1.902991583936866887e-03 1.917459498664466754e-03
1.278341755671992324e-03 1.663631540392760972e-03 1.574911870459675496e-03 1.538116107101403229e-03 1.567501193450580648e-03 1.574803949545918076e-03
1.078322545852341240e-03 1.387763714064892476e-03 1.321651743479105180e-03 1.287760669688979825e-03 1.313337155697525327e-03 1.315848970164054015e-03
9.231052273760170139e-04 1.174410727029562068e-03 1.125292664483346994e-03 1.096597577967495631e-03 1.115986485266519260e-03 1.116075386637645954e-03
8.001934636275567433e-04 1.006053699900851060e-03 9.703312673706797993e-04 9.465909595335541497e-04 9.595887398668083781e-04 9.600413772275409987e-04
7.010995592820068326e-04 8.710558464856102585e-04 8.459910173607557756e-04 8.258425564310498080e-04 8.340236967544648137e-04 8.348350069462399416e-04
6.199494201043452557e-04 7.611011266215623322e-04 7.449906542545483863e-04 7.281882038525831985e-04 7.320312941278847661e-04 7.331599043160113346e-04
5.525686618856287969e-04 6.702260152596831687e-04 6.620798488472878036e-04 6.451754167120559227e-04 6.481559177390805622e-04 6.500796349770499114e-04
4.959819699871879494e-04 5.943385069978958423e-04 5.927583880910301025e-04 5.763493344594492656e-04 5.780554335402390354e-04 5.808696582837850377e-04
4.480300162473913224e-04 5.304808261535992565e-04 5.343221419811495457e-04 5.184942750563870497e-04 5.189112573627422753e-04 5.220319297049177097e-04
4.070757732974888293e-04 4.762167392855560675e-04 4.845259815876892502e-04 4.696271414219773950e-04 4.687342417245464140e-04 4.723539950917473467e-04
3.717903037965730653e-04 4.297105256742756244e-04 4.418700335943969272e-04 4.277360177242568620e-04 4.256387139159975466e-04 4.298682502853782227e-04
3.411555336325184859e-04 3.895705816193289778e-04 4.050157860968555215e-04 3.912747846076962996e-04 3.883666694264179052e-04 3.933984464348403657e-04
3.144121786765716642e-04 3.547338284727687748e-04 3.728958611339292873e-04 3.591830254583154212e-04 3.557942300188815890e-04 3.616525822587270860e-04
2.909242421364041566e-04 3.243204187389389886e-04 3.446991286648475625e-04 3.313747299046072977e-04 3.271866668580755764e-04 3.335183163836077762e-04
2.701564672675583253e-04 2.976980378558425331e-04 3.197624239149599577e-04 3.067669163241175325e-04 3.021845541631593634e-04 3.086257403730090828e-04
2.516662544486436863e-04 2.742463551630416256e-04 2.975535819382000365e-04 2.850481964681803059e-04 2.801697814199959643e-04 2.862560282131105908e-04
2.351093473687692215e-04 2.534129942859535980e-04 2.778045094975230408e-04 2.657311182482437781e-04 2.609104430065046836e-04 2.660164213582260294e-04
2.202098494355644138e-04 2.347894558053143139e-04 2.602082888025365184e-04 2.482861118933112001e-04 2.439713722246090446e-04 2.477495588893503429e-04
2.067463306472774366e-04 2.180721934286567268e-04 2.444857211038544862e-04 2.328399397220352245e-04 2.287112420105543234e-04 2.312863325480440143e-04
1.945402267721594181e-04 2.029663063437825161e-04 2.303830271890667733e-04 2.186751427487787427e-04 2.148084379115016102e-04 2.167835534352894461e-04
1.834477746804905670e-04 1.892698975331136876e-04 2.177681201612822841e-04 2.058702893425874388e-04 2.020262833722677421e-04 2.035733605892462307e-04
1.733414270029093828e-04 1.769110110975303390e-04 2.063020924578061997e-04 1.943969592017668973e-04 1.903503392472745783e-04 1.917078166710690131e-04
1.641126577095916540e-04 1.657584540218494482e-04 1.957979121380195437e-04 1.837752645719493451e-04 1.798807546989278014e-04 1.808231345406488989e-04
1.556718471376312507e-04 1.555988906559685567e-04 1.861468521599219891e-04 1.740125874878609038e-04 1.704535967534363144e-04 1.708512145553374938e-04
1.479343223417692809e-04 1.463177305081469494e-04 1.772951392400715694e-04 1.650218319778432312e-04 1.619145132004138417e-04 1.618477704884451916e-04
1.408265580450069156e-04 1.378797209453143380e-04 1.690929662850662032e-04 1.567751799912661973e-04 1.540860787968128533e-04 1.537086173352773116e-04
1.342720461604087249e-04 1.302027391943970424e-04 1.614542148775711700e-04 1.492604297828421724e-04 1.468616394327231628e-04 1.461739198687562644e-04
1.282181899682802672e-04 1.231114283150335810e-04 1.543591055906223092e-04 1.424827563779505974e-04 1.400291950371955246e-04 1.393441951009095621e-04
1.226174858076215836e-04 1.165783387087692238e-04 1.477816389567721358e-04 1.361989502171556373e-04 1.338056689184145256e-04 1.329693619925832954e-04
1.174313529947340504e-04 1.106023616475627360e-04 1.416450033596263554e-04 1.302827804178690924e-04 1.280806972037426084e-04 1.269339988771612409e-04
1.126182008132743732e-04 1.051497499105488796e-04 1.358583375549241295e-04 1.247625988817147231e-04 1.228074526752347584e-04 1.212922591980512095e-04
1.081437883934833756e-04 1.001574231404931949e-04 1.303714366183136093e-04 1.196036691522730610e-04 1.179588655589903243e-04 1.163528645662872008e-04
1.039831438095012510e-04 9.556437156249653173e-05 1.251649396337129968e-04 1.148761605941162007e-04 1.133417230731568624e-04 1.116527055384714038e-04
1.001088474939095479e-04 9.134796234319138676e-05 1.202349928629340542e-04 1.104743886150366889e-04 1.089506882767133386e-04 1.073931488888380057e-04
9.648743290498795256e-05 8.751262185147283350e-05 1.154701291532145215e-04 1.064524524361344995e-04 1.048241274032871639e-04 1.032462087200141797e-04
9.310109628605762013e-05 8.403805973288348602e-05 1.108335996628655613e-04 1.027436121586060210e-04 1.010034990865786326e-04 9.933787849028519711e-05
8.992170570075624957e-05 8.088120600347189029e-05 1.063459068800096720e-04 9.927614586197653918e-05 9.744718035273786149e-05 9.559896385339401845e-05
8.693559473589606342e-05 7.802621649640529070e-05 1.020191541459343932e-04 9.599155313400207156e-05 9.412110344616577957e-05 9.208003386647466029e-05
8.412080863711781135e-05 7.541391152347181953e-05 9.786002207662366603e-05 9.287659119468546088e-05 9.097250033631259212e-05 8.891992152167680404e-05
8.147144537587634933e-05 7.302385098834209909e-05 9.385676740883397949e-05 8.998540489857751606e-05 8.795016896780656688e-05 8.599260215349587456e-05
7.897938656265042381e-05 7.082630581157822519e-05 9.000953296478382223e-05 8.728095406256036358e-05 8.505055476532729806e-05 8.329092626592406613e-05
7.663538223502679321e-05 6.878020369285984972e-05 8.634246805011485467e-05 8.476126849305502938e-05 8.229355268354533899e-05 8.076318540476136692e-05
7.443166718366284239e-05 6.685404084555453936e-05 8.287113528223551411e-05 8.230416907906673671e-05 7.967636402034059147e-05 7.833661357375030999e-05
7.235214684961123477e-05 6.502842098816993105e-05 7.958693553899708084e-05 8.001873070569232916e-05 7.718303181102097654e-05 7.601125412193410885e-05
7.038453725080163570e-05 6.329444196363235230e-05 7.647543758607871589e-05 7.788963203450781868e-05 7.485699294687170075e-05 7.377315896398035238e-05
6.851358610380231810e-05 6.164490275737108990e-05 7.353733373573362612e-05 7.588582702475814789e-05 7.264553648781536073e-05 7.162797951206042091e-05
6.673134832211061131e-05 6.007118563114067540e-05 7.078702978391883274e-05 7.405848401960854715e-05 7.052995033114750417e-05 6.962394990608275480e-05
6.503434566201809336e-05 5.856417426195603134e-05 6.821290608772832907e-05 7.201605446087237219e-05 6.852501137100614544e-05 6.780217033697787945e-05
6.341414792988550391e-05 5.712177174586650994e-05 6.577095677390672667e-05 7.020290711944656434e-05 6.659845402687448882e-05 6.608071791643046393e-05
6.186395467173935357e-05 5.574328697567546671e-05 6.341101933895986994e-05 6.847689429260371509e-05 6.476318218117103106e-05 6.435156248545833798e-05
6.037982640507211294e-05 5.442455488597850723e-05 6.116071013011476333e-05 6.686440258634948619e-05 6.304915306623325763e-05 6.272883841655181516e-05
5.895532910677497482e-05 5.316011781088888518e-05 5.900550665583734921e-05 6.534899254864594590e-05 6.144101779950026016e-05 6.112802239634521019e-05
5.758914415393915216e-05 5.194498220418171239e-05 5.692294903822954879e-05 6.392094110220785264e-05 5.993324453819353801e-05 5.958687106405752835e-05
5.628834404713284491e-05 5.077772011409025725e-05 5.492239500824841448e-05 6.258693673890053204e-05 5.850314925250891027e-05 5.813620232565508411e-05
5.504400132561207512e-05 4.965688133084550951e-05 5.300709721896247688e-05 6.129950081609968841e-05 5.713602096106267528e-05 5.674878137876834225e-05
5.385250552706918572e-05 4.858037077790733165e-05 5.121499404410231573e-05 6.007029981216271204e-05 5.580973867189285202e-05 5.543164875030003399e-05
5.270148693677467706e-05 4.754366747462453744e-05 4.953558700874467833e-05 5.885984025716035938e-05 5.451942040700568715e-05 5.413615126454748269e-05
5.158587761790051356e-05 4.654452721586779861e-05 4.794474943303291854e-05 5.770473750460675051e-05 5.329870528412671807e-05 5.287157736034435749e-05
5.049914392566005791e-05 4.558061501316525995e-05 4.638404845012259137e-05 5.652492177858465080e-05 5.213536224637147079e-05 5.166602626830797999e-05
4.944067379457049320e-05 4.465210298484092967e-05 4.489957125337425999e-05 5.544392003438545249e-05 5.102901377619885250e-05 5.050637924289978666e-05
4.840879221849403376e-05 4.375931036821678280e-05 4.349915166620987612e-05 5.435191455091659395e-05 4.999547399190404031e-05 4.939852166065188756e-05
4.740256768690212974e-05 4.290076902125317760e-05 4.216454131053038091e-05 5.328766224993990451e-05 4.904154611161519212e-05 4.834182352883420041e-05
4.642116633858437395e-05 4.207465579410882007e-05 4.090133402008880315e-05 5.229106600053237561e-05 4.814159597450050245e-05 4.733139472719710683e-05
4.545743620898469315e-05 4.127969224214083629e-05 3.966179030591648560e-05 5.129823641250932253e-05 4.728303838810293249e-05 4.632998136394392811e-05
4.451447084358429670e-05 4.051357611523933276e-05 3.850190877052557721e-05 5.037879434554441059e-05 4.645455405197839523e-05 4.537584223529245268e-05
4.359615740666310328e-05 3.977517082411125606e-05 3.742255639570449521e-05 4.939179134173284628e-05 4.567262689309671808e-05 4.441827396626865112e-05
4.270010196283664642e-05 3.906286119287342886e-05 3.642414306233699681e-05 4.832723353886992387e-05 4.493531455470476185e-05 4.350854780214627308e-05
4.184074459059694908e-05 3.837702158217439060e-05 3.544161684450826736e-05 4.732158111405961937e-05 4.422720429426840055e-05 4.262248926087774232e-05
4.101562548481257783e-05 3.771647103000001419e-05 3.453465125795085250e-05 4.634470420412815174e-05 4.354903694859738598e-05 4.178956203122000123e-05
4.022450134529733496e-05 3.708041187793782018e-05 3.368941675747292160e-05 4.538189603905692200e-05 4.288656026286941195e-05 4.101978206259847981e-05
3.946764327075456168e-05 3.646521247210230782e-05 3.290705924652385364e-05 4.444677450047880026e-05 4.223112417227623059e-05 4.028491228874482826e-05
3.874150627936312599e-05 3.586972714868733042e-05 3.216483795826661693e-05 4.345659419103982131e-05 4.159950663394482482e-05 3.955414789488219407e-05
3.804470073860522037e-05 3.529324963008488895e-05 3.149884733671519274e-05 4.247962467234843925e-05 4.098854875381378686e-05 3.886574882700365472e-05
3.737537926567274842e-05 3.473487045257003884e-05 3.089813424870166132e-05 4.150039171397398017e-05 4.039595600570474365e-05 3.819456797128436437e-05
3.673063725734900409e-05 3.419379908222170680e-05 3.034356553746333986e-05 4.056635518304296134e-05 3.982829824019129718e-05 3.757752410586781181e-05
3.610949466746150236e-05 3.366945138138407843e-05 2.984824898664739022e-05 3.964095441074678408e-05 3.921072616562873268e-05 3.699515710718088963e-05
3.551202556317781034e-05 3.316086053136253824e-05 2.938900100817136622e-05 3.857563967084314563e-05 3.860558529207487746e-05 3.641976203265340055e-05
3.493497532818285616e-05 3.266730604971439776e-05 2.896243053488594554e-05 3.754848620345063568e-05 3.803669464396040124e-05 3.582760418724026500e-05
3.437590869387258444e-05 3.218755148320299846e-05 2.856566412158652597e-05 3.659008418208561909e-05 3.749089935850742785e-05 3.522840936113224734e-05
3.383477885622983771e-05 3.172143529649848248e-05 2.818955153019736757e-05 3.562393148437292557e-05 3.697672446702026218e-05 3.465962082236643713e-05
3.331130030265238087e-05 3.126819279047467833e-05 2.782974404553133373e-05 3.470972841252446676e-05 3.649455913663177684e-05 3.414151180237947269e-05
3.280434008699361395e-05 3.082746092936203551e-05 2.747905852225605058e-05 3.389551453575113021e-05 3.604059420804726221e-05 3.376285018592077559e-05
3.231476118663711424e-05 3.039918353545774119e-05 2.713389007996010725e-05 3.288389338196130105e-05 3.560145265487232532e-05 3.328591387578420821e-05
3.184237966610966534e-05 2.998336873329363151e-05 2.679979059034651737e-05 3.194433333909310840e-05 3.517505306088976926e-05 3.287116184988221493e-05
3.138669951087814345e-05 2.957916644348668140e-05 2.647590541250081564e-05 3.106255521400640450e-05 3.476352793003319820e-05 3.247250476682015584e-05
3.094656603332830681e-05 2.918584689985977330e-05 2.615988982584198873e-05 3.031165521067996055e-05 3.435721380681758393e-05 3.207674874027112091e-05
3.052172516353492105e-05 2.880347234053300443e-05 2.584873123015148967e-05 2.945183127112514600e-05 3.393058530208303407e-05 3.169045077572303317e-05
3.011282595280783569e-05 2.843081506332543671e-05 2.554397009412238511e-05 2.871494202041578104e-05 3.348867113827529353e-05 3.133531728703304296e-05
2.971719010348185253e-05 2.806699635130041967e-05 2.524650047020010797e-05 2.803939545218332209e-05 3.306026803512983602e-05 3.096548595939238867e-05
2.933636265900665111e-05 2.771170039590786262e-05 2.495480949117781269e-05 2.730273106039344589e-05 3.263657929897733571e-05 3.062332795032566331e-05
2.896973782195390022e-05 2.736336410112782377e-05 2.467014748714565781e-05 2.659712742205942826e-05 3.223205681881097386e-05 3.031037685512422749e-05
2.861547827071273336e-05 2.702121257312907970e-05 2.439470375518260225e-05 2.594322164655048080e-05 3.183484424744854863e-05 2.998978797683085970e-05
2.827179953699984711e-05 2.668544973737633401e-05 2.412542053155230308e-05 2.531110639691629030e-05 3.144874370763308297e-05 2.968449764304549092e-05
2.793681886768362320e-05 2.635507559785977040e-05 2.386449757044685079e-05 2.468937135837477308e-05 3.107540405099490870e-05 2.939247639339469579e-05
2.761050096080353215e-05 2.602977044090762940e-05 2.360777566343100325e-05 2.413009440756113237e-05 3.070287341090494575e-05 2.909539692109357626e-05
2.729272037235252771e-05 2.571008339719154330e-05 2.335622423066779750e-05 2.356805512871152080e-05 3.033646392807338906e-05 2.880723317680686680e-05
2.698118339658276251e-05 2.539673021451663249e-05 2.311023273783204544e-05 2.300982812365018245e-05 2.996871332086820531e-05 2.851897917118834875e-05
2.667645742359809729e-05 2.508976779376864371e-05 2.286904978526376224e-05 2.248571207026434763e-05 2.956651852401057142e-05 2.823303073125528421e-05
2.637508677077624405e-05 2.478901172551457784e-05 2.263172533103469634e-05 2.198483334687485250e-05 2.916982057422933173e-05 2.795505046935569711e-05
2.607156116248936556e-05 2.449451617837612740e-05 2.239769831283259325e-05 2.150150599614055244e-05 2.879102369504106269e-05 2.763856549925139118e-05
2.576463654538898600e-05 2.420647749352195421e-05 2.216685656537624292e-05 2.104170373504616600e-05 2.843055690886757701e-05 2.732059335032733632e-05
2.545619615377601709e-05 2.392576636743804159e-05 2.193919999261608679e-05 2.061965069271334445e-05 2.804633522715204949e-05 2.698663698276626899e-05
2.514464934383315743e-05 2.365302093377464717e-05 2.171471495025683313e-05 2.022228672901619861e-05 2.766035388700897052e-05 2.667479447643655553e-05
2.482972005502652490e-05 2.338797077477096221e-05 2.149299165567320632e-05 1.982849661032780192e-05 2.724362718582976721e-05 2.638014254129254920e-05
2.451685598452070530e-05 2.313098179344318250e-05 2.127451558210637311e-05 1.947033695811250988e-05 2.682412958042101826e-05 2.619267220034050800e-05
2.420958244659584142e-05 2.288191980768725437e-05 2.105931355880266066e-05 1.914855141952676639e-05 2.635285525554726177e-05 2.594023674611159526e-05
2.390673069970982614e-05 2.263985368682552995e-05 2.084737324753166958e-05 1.886223397486010289e-05 2.585904744257389788e-05 2.569034638091811216e-05
2.360949432641584048e-05 2.240495354460314827e-05 2.063863614434870980e-05 1.859259196396510452e-05 2.534416900517081993e-05 2.550490747528900390e-05
2.332054129878722676e-05 2.217678421212240041e-05 2.043323266323307963e-05 1.835415696998538438e-05 2.481167854081834780e-05 2.528663939241288793e-05
2.303951495929365952e-05 2.195459370881786058e-05 2.023118089059976738e-05 1.814913860303850608e-05 2.424961031254520294e-05 2.508734577385097022e-05
2.276748817620007046e-05 2.173792115095919252e-05 2.003234393656618876e-05 1.796281167566125182e-05 2.367163225549232973e-05 2.489418822095384345e-05
2.250481143496667704e-05 2.152583642788201193e-05 1.983716334010781035e-05 1.778964078894677112e-05 2.309982420741374143e-05 2.467093501727253354e-05
2.225208646184087064e-05 2.131827477487196183e-05 1.964568856912990197e-05 1.763963926524907860e-05 2.254792067849863854e-05 2.441216121951525253e-05
2.201044820837208353e-05 2.111580074953843723e-05 1.945809370909748422e-05 1.749782747872871805e-05 2.200225628591566035e-05 2.414496282543067242e-05
2.177974226079013734e-05 2.091805472024191659e-05 1.927409320917003601e-05 1.736634670964837661e-05 2.146883573208442270e-05 2.390184280832692663e-05
2.155690032249773215e-05 2.072464233749652681e-05 1.909273213322656496e-05 1.724420277767143732e-05 2.096108217429693658e-05 2.368228945914325722e-05
2.134128135230270017e-05 2.053526822862583630e-05 1.891485413704200767e-05 1.711805666202793194e-05 2.045553191752193039e-05 2.353668349130642924e-05
2.113140190275170801e-05 2.034947431674617266e-05 1.874044589181256791e-05 1.699016815141352377e-05 1.992760301710884272e-05 2.340598984241194116e-05
2.092510373814347933e-05 2.016693137170002230e-05 1.856903026009006552e-05 1.686508015198963454e-05 1.941865905415866538e-05 2.318660007117765500e-05
2.072260326532309808e-05 1.998791872836920964e-05 1.840024067568344366e-05 1.674611726109823326e-05 1.892230871558798108e-05 2.300991084441459772e-05
2.052234356295888222e-05 1.981260739816119947e-05 1.823429278044067114e-05 1.663155196818864141e-05 1.846907659201789327e-05 2.277487437249037198e-05
2.032328075557455902e-05 1.964187455488702620e-05 1.806987860034076884e-05 1.651846079054028989e-05 1.801046859237399148e-05 2.254106262761596333e-05
2.012591922328530340e-05 1.947550626498463174e-05 1.790802544273027122e-05 1.640664547300313642e-05 1.757726354221330527e-05 2.231102098575607487e-05
1.993041567207553999e-05 1.931310535879960584e-05 1.774806768091109408e-05 1.629686678856880549e-05 1.718426256248542218e-05 2.208686798938703228e-05
1.973596988068810121e-05 1.915325785868601398e-05 1.759110939002471260e-05 1.618946493627504391e-05 1.680848200479427850e-05 2.191585837412107286e-05
1.954293238691124997e-05 1.899523921450365765e-05 1.743848976957380599e-05 1.608238420659163393e-05 1.642279155413015019e-05 2.165085493973422235e-05
1.935268587108367278e-05 1.883885345495565146e-05 1.729010232414053994e-05 1.597520436366917107e-05 1.606173433316565659e-05 2.135841207887935182e-05
1.916525845519972008e-05 1.868389027974113684e-05 1.714619447569859785e-05 1.586985559143319873e-05 1.571188390940519202e-05 2.115684232773890956e-05
1.898163353701791780e-05 1.853056544394781228e-05 1.700629135244251044e-05 1.576520907672397743e-05 1.541286974562170535e-05 2.088737216607249432e-05
1.880424053103437181e-05 1.837920303035261592e-05 1.687010219527007145e-05 1.565964428862073253e-05 1.511203859165083918e-05 2.067394871975074963e-05
1.863455369135744039e-05 1.822961449943095861e-05 1.673792759265203454e-05 1.555533335441716249e-05 1.484083005003711679e-05 2.036896286349934603e-05
1.847309105728012847e-05 1.808124692804196685e-05 1.660947414512197834e-05 1.545283796119126729e-05 1.458333273443419008e-05 2.001530267021974595e-05
1.832068049147534075e-05 1.793359943208087235e-05 1.648594865598356025e-05 1.535067189584354535e-05 1.435502963584033019e-05 1.976752137619053464e-05
1.817778856840247351e-05 1.778716513727483401e-05 1.636701683961682967e-05 1.524789128695548122e-05 1.413673756348946021e-05 1.943033724643177497e-05
1.804340615512958534e-05 1.764108394130193384e-05 1.625303211603257953e-05 1.514568562831415484e-05 1.394509230316378762e-05 1.906712160683542327e-05
1.791773037398665399e-05 1.749583736688027695e-05 1.614210233718543024e-05 1.504438702409609912e-05 1.377196937805705371e-05 1.877931699786870393e-05
1.780113312250409662e-05 1.735186372300850385e-05 1.603177070657139382e-05 1.494183790414672484e-05 1.362211493338396115e-05 1.838957177065796329e-05
1.769246579322209407e-05 1.720891944270456424e-05 1.592371879513866119e-05 1.483923171854539289e-05 1.349369403400232620e-05 1.799591172237530664e-05
1.759068020169736525e-05 1.706712165811092070e-05 1.581827874881157976e-05 1.473789467409846071e-05 1.338689107548662003e-05 1.760375526910747595e-05
1.749568537596076919e-05 1.692622356602390579e-05 1.571473453936696909e-05 1.463849365920373819e-05 1.329307912331849923e-05 1.722621726786998286e-05
1.740686111747867995e-05 1.678617972408945011e-05 1.561190278998581446e-05 1.454024727831524524e-05 1.320887410882024591e-05 1.685046871296145171e-05
1.732278339736701789e-05 1.664691714650890159e-05 1.551035835613654923e-05 1.444505978921249740e-05 1.312995506577054801e-05 1.646659625494209905e-05
1.724257713670186500e-05 1.650824506741872214e-05 1.541032604547491359e-05 1.435329490454780798e-05 1.305504155662488407e-05 1.607796500460860307e-05
1.716645607985138025e-05 1.637041706903309864e-05 1.531107351360927904e-05 1.426295364546161681e-05 1.298408835005016743e-05 1.573224560620640453e-05
1.709413429429564716e-05 1.623366372748763891e-05 1.521283933886143890e-05 1.417397325469112967e-05 1.291549959898845174e-05 1.536784680256459977e-05
1.702487475826954829e-05 1.609794987099403331e-05 1.511488625955773068e-05 1.408764623698210000e-05 1.284918885887946305e-05 1.501953975063602299e-05
1.695815922123062070e-05 1.596388106904731314e-05 1.501701740336592934e-05 1.400384589987894092e-05 1.278334530977765841e-05 1.467480951767793827e-05
1.689310596235406010e-05 1.583181506561633981e-05 1.491985890181954076e-05 1.392091542872045790e-05 1.271967976014119935e-05 1.434573452367960048e-05
1.682746516219879511e-05 1.570189195291603139e-05 1.482277043140435551e-05 1.383785010199179113e-05 1.265888742502875217e-05 1.404022626395641448e-05
1.675965587147609724e-05 1.557375854765231485e-05 1.472720611904603208e-05 1.375491188603388760e-05 1.259878184242399374e-05 1.374625595716286602e-05
1.668751304349913776e-05 1.544768369415075901e-05 1.463343995772255674e-05 1.367231759150628125e-05 1.253808034597609073e-05 1.346226269013641870e-05
1.660891073705932937e-05 1.532389652133078450e-05 1.454041820200439473e-05 1.359060906913583669e-05 1.247822612319345747e-05 1.318633307848968265e-05
1.652245551367959706e-05 1.520245519874538903e-05 1.444841727268825958e-05 1.350992568533913412e-05 1.242083981314667905e-05 1.293095913676037083e-05
1.642694304622364284e-05 1.508376272678651414e-05 1.435729163626781011e-05 1.342962146582565253e-05 1.236581547707651542e-05 1.269418828444671989e-05
1.632244800001526633e-05 1.496794621095378620e-05 1.426726989819065233e-05 1.334784486298485434e-05 1.231150646662174520e-05 1.247340984727523204e-05
1.620860879807158112e-05 1.485487809206248012e-05 1.417916621691136676e-05 1.326641355826835444e-05 1.225859349379656486e-05 1.226923162891883355e-05
1.608383620391465942e-05 1.474473517817430579e-05 1.409287390785136435e-05 1.318569173065747300e-05 1.220530520584355671e-05 1.207733085946805410e-05
1.594818227606712452e-05 1.463751342327305730e-05 1.400890949288686970e-05 1.310517627082015745e-05 1.215076264296859022e-05 1.190007343172299564e-05
1.580391730837144438e-05 1.453318709414875341e-05 1.392665825730522799e-05 1.302191889547427094e-05 1.209640421668246543e-05 1.174147505638685211e-05
1.565150829263768536e-05 1.443200094849513788e-05 1.384631531564660850e-05 1.293759268823155188e-05 1.204183521141754107e-05 1.159560590115264689e-05
1.549172349482898621e-05 1.433358472916216049e-05 1.376641804111706476e-05 1.285829124476895958e-05 1.198785476685894949e-05 1.145877609438094140e-05
1.532807587367964640e-05 1.423799855559681924e-05 1.368723246096104318e-05 1.278421862752651171e-05 1.193483963812603984e-05 1.133320115871504948e-05
1.516361665590178085e-05 1.414489477389522433e-05 1.360924256213628685e-05 1.270349165082197136e-05 1.188219656247753637e-05 1.121945043633794677e-05
1.500056356435808018e-05 1.405390011310358209e-05 1.353272858276541176e-05 1.261959712242668670e-05 1.183007579964692948e-05 1.111768152826661399e-05
1.484007975295209451e-05 1.396505442080407966e-05 1.345696849655435864e-05 1.254094119964467733e-05 1.177784858157456538e-05 1.101754100796261585e-05
1.468275415817613224e-05 1.387830394670267597e-05 1.338204648460890870e-05 1.246723465939555537e-05 1.172611567246661472e-05 1.093073303374557458e-05
1.452963071741865040e-05 1.379322880596713684e-05 1.330684245653787786e-05 1.239389409080339761e-05 1.167440502402593699e-05 1.085900909509111553e-05
1.438109173812028941e-05 1.370994129479264061e-05 1.323178989247371785e-05 1.231649369440577107e-05 1.162190166459666415e-05 1.078827717636987802e-05
1.423736821901892638e-05 1.362825934696409305e-05 1.315629357514309332e-05 1.224143792100123162e-05 1.156872202092294375e-05 1.072043294148199039e-05
1.409936173771282615e-05 1.354842278034950507e-05 1.308017183688778417e-05 1.216944646853938159e-05 1.151548716185156671e-05 1.066293647379036863e-05
1.396758356712923447e-05 1.347080300883460418e-05 1.300403696469834242e-05 1.209835137180489217e-05 1.146286820781767600e-05 1.060873697963523083e-05
1.384178442062683403e-05 1.339511395228847706e-05 1.292806783871073556e-05 1.202900696773545321e-05 1.141070389288472846e-05 1.055515307475434043e-05
1.372125292466421374e-05 1.332116971426802968e-05 1.285201961876829674e-05 1.195943255111639866e-05 1.135870690879200995e-05 1.050591433170346432e-05
1.360498773403478674e-05 1.324905693767557048e-05 1.277557473931121947e-05 1.189026712506144501e-05 1.130679889992335933e-05 1.045685649750548539e-05
1.349251905586270409e-05 1.317878220508690607e-05 1.269980428008819752e-05 1.182430130653298605e-05 1.125513226226891302e-05 1.040881333015278023e-05
1.338312697984736791e-05 1.311025651839729964e-05 1.262440123202679336e-05 1.175884817844894190e-05 1.120395161668877208e-05 1.036425595149392779e-05
1.327535839559986359e-05 1.304304573514391332e-05 1.254910407826830321e-05 1.169176298508058619e-05 1.115298727497971641e-05 1.031928101902196219e-05
1.316779104719265910e-05 1.297683257246235547e-05 1.247475959885939260e-05 1.162792347347859903e-05 1.110157306055976410e-05 1.027705709457133456e-05
1.305929643206636104e-05 1.291150107604110995e-05 1.240122033141974899e-05 1.156741241999055150e-05 1.104939628204416885e-05 1.023698809983334036e-05
1.294925299505097582e-05 1.284706062988623068e-05 1.232876643874088112e-05 1.150841957784760975e-05 1.099692638961656759e-05 1.019905119340009663e-05
1.283811472077684355e-05 1.278351865182740262e-05 1.225750479463283968e-05 1.144876887876369967e-05 1.094471293579882706e-05 1.016195981101899840e-05
1.272636956277265514e-05 1.272119181921945812e-05 1.218757739735229038e-05 1.138673140644626817e-05 1.089273130295865342e-05 1.012681610310921033e-05
1.261403069078358510e-05 1.265998084575901415e-05 1.211985495196674110e-05 1.132370018234339787e-05 1.084027376790555659e-05 1.009201162232074524e-05
1.250110714096273734e-05 1.259958162683166405e-05 1.205362995338153393e-05 1.126126646597781216e-05 1.078752843792577925e-05 1.005705465837289893e-05
1.238840043302773528e-05 1.253981709352023477e-05 1.198915319201757504e-05 1.120176622767305623e-05 1.073478809895218948e-05 1.002231165764843929e-05
1.227622481165255057e-05 1.248067804632125925e-05 1.192570226105417248e-05 1.114561251718575946e-05 1.068227640044415542e-05 9.988430834621557635e-06
1.216428006037367095e-05 1.242191122409991736e-05 1.186047034548727062e-05 1.108995062100032361e-05 1.063082550841601740e-05 9.954801522776181373e-06
1.205221744576065767e-05 1.236329900258820196e-05 1.179632572076687160e-05 1.103504515512960008e-05 1.058030114223620050e-05 9.921464340651744873e-06
1.194008792156974989e-05 1.230486830061968964e-05 1.173426588759463075e-05 1.098276212290796737e-05 1.053055838640881966e-05 9.888515417528982008e-06
1.182806435396259795e-05 1.224626156448667959e-05 1.167363343041018996e-05 1.093033314947182790e-05 1.048164404018052075e-05 9.855738226740357510e-06
1.171641111397288948e-05 1.218747845327594753e-05 1.161364845562113114e-05 1.087771888521258987e-05 1.043315006191119518e-05 9.823479018443660572e-06
1.160528326708287884e-05 1.212871829526273310e-05 1.155429955195869076e-05 1.082471954009414690e-05 1.038602811964129140e-05 9.791447159760082941e-06
1.149464183732180821e-05 1.207025233946866278e-05 1.149500992329515938e-05 1.077519383057213819e-05 1.034009415377528393e-05 9.759256212747589450e-06
1.138472327127754036e-05 1.201214381000447915e-05 1.143621126322702915e-05 1.072678053025437229e-05 1.029542755106400798e-05 9.727038214319809280e-06
1.127566898897614368e-05 1.195427711030234526e-05 1.137806604761402322e-05 1.068234069989039905e-05 1.025167782014471224e-05 9.695044101876823227e-06
1.116672142679568387e-05 1.189651889206517058e-05 1.132075965078338186e-05 1.063523686987962091e-05 1.020853263056594735e-05 9.663108211565647860e-06
1.105716599388052927e-05 1.183874250629783761e-05 1.126465781575616567e-05 1.058869313083208049e-05 1.016577539575564650e-05 9.630861092822184686e-06
1.094689880848292914e-05 1.178108773327170872e-05 1.120976266132160379e-05 1.054379029164831753e-05 1.012328278758997671e-05 9.598467067507778202e-06
1.083606918295583487e-05 1.172378386071697421e-05 1.115563387248221376e-05 1.050121303066782489e-05 1.008120687464623731e-05 9.566107260504705701e-06
1.072486423814320583e-05 1.166689845541736030e-05 1.110166503927074124e-05 1.045678449916917808e-05 1.003922186511929735e-05 9.533785733451221982e-06
1.061380744584957376e-05 1.161063264649359183e-05 1.104806973565485912e-05 1.041348795694151381e-05 9.997310543278693112e-06 9.501122725671726487e-06
1.050428733082493634e-05 1.155536380402145781e-05 1.099459196951378788e-05 1.037390676391271355e-05 9.955276598274072147e-06 9.468350963410072311e-06
1.039720884748706318e-05 1.150102854758270613e-05 1.094107432702168901e-05 1.033398171884392395e-05 9.913165359353639253e-06 9.435933973780518880e-06
1.029344991546550761e-05 1.144761344890792018e-05 1.088755022267250076e-05 1.029360825564853923e-05 9.870746583488097965e-06 9.403955886536383978e-06
1.019405801101479405e-05 1.139513519107298187e-05 1.083371129339960338e-05 1.025540366797094959e-05 9.828155534792993133e-06 9.372633204700369630e-06
1.009903285068378317e-05 1.134331787619646795e-05 1.077939191510204892e-05 1.021948997952730206e-05 9.785121149143218111e-06 9.341750527097392558e-06
1.000802651459502876e-05 1.129183045165281895e-05 1.072521974604625274e-05 1.018352912885726657e-05 9.741305943451705176e-06 9.310507656738898898e-06
9.920180083797766306e-06 1.124021282057693944e-05 1.067172923032202856e-05 1.014821070135157569e-05 9.697094642763256860e-06 9.278742706228491696e-06
9.834934441720867765e-06 1.118800949351539487e-05 1.061930330351062273e-05 1.011500674234547576e-05 9.652964028224981382e-06 9.246643658638392945e-06
9.751575385743181535e-06 1.113486787895883923e-05 1.056845001643678319e-05 1.008160386896380429e-05 9.610003340235294045e-06 9.214190322916420252e-06
9.670039260583818586e-06 1.108076190047272923e-05 1.051856556746443971e-05 1.004885693042342317e-05 9.567643169618206034e-06 9.181219015211964404e-06
9.591109328331725542e-06 1.102549661858964415e-05 1.046891994768518050e-05 1.001577062726772103e-05 9.524512220522625151e-06 9.148179703641721999e-06
9.515401708161050015e-06 1.096882334498444784e-05 1.041997201465618255e-05 9.982065498375446185e-06 9.480665561497647563e-06 9.114768491330367105e-06
9.443197643338113200e-06 1.091082556037792849e-05 1.037242627891938632e-05 9.949968219332519344e-06 9.437495754531361039e-06 9.080723834113056027e-06
9.374867307599198634e-06 1.085178483800082445e-05 1.032623374941765823e-05 9.918731979600300367e-06 9.395544436085875503e-06 9.046185365904972598e-06
9.310515830026039574e-06 1.079181401140353905e-05 1.028119446371718180e-05 9.889366989392150978e-06 9.354655405723823851e-06 9.011634574321560485e-06
9.250095653556083026e-06 1.073115382077245386e-05 1.023704555893194787e-05 9.865490841173496858e-06 9.314667608001518908e-06 8.977009627741568945e-06
9.193471461547289024e-06 1.066999028755384555e-05 1.019373894365733551e-05 9.832318125036416774e-06 9.275352136581048690e-06 8.942277666806919164e-06
9.139294586315380384e-06 1.060818191067715387e-05 1.015075975170821407e-05 9.790826786205889039e-06 9.236132766566020478e-06 8.906683686884957262e-06
9.086307718889366787e-06 1.054573900950122417e-05 1.010854407603700780e-05 9.747941566670146731e-06 9.198623593042171059e-06 8.870209010821260778e-06
9.032975158317066081e-06 1.048292379251867973e-05 1.006752157319771271e-05 9.710009385760428750e-06 9.161658047008975855e-06 8.833738931824171206e-06
8.977248718468547401e-06 1.041999609536310195e-05 1.002675611679197911e-05 9.673226969731068929e-06 9.125616003225015208e-06 8.799453417033919532e-06
8.917150619283605750e-06 1.035709197287859891e-05 9.987071942199171040e-06 9.635729695429756311e-06 9.090186729535116715e-06 8.768421169886392671e-06
8.851729081967398262e-06 1.029426710503258393e-05 9.947615626661388726e-06 9.600128292167999167e-06 9.054419434781758955e-06 8.735671006902351955e-06
8.780142225617216156e-06 1.023167328426330684e-05 9.907565892330716560e-06 9.566214288016421579e-06 9.018283151344258847e-06 8.698983755802931013e-06
8.701550189186782079e-06 1.016958924942926303e-05 9.866947413271134684e-06 9.533134949389782413e-06 8.982404011051074402e-06 8.662961627954890453e-06
8.615165231406613815e-06 1.010821917175419330e-05 9.826260063406923014e-06 9.501493031674571347e-06 8.946657214675419250e-06 8.631513177016098828e-06
8.521947021096437124e-06 1.004792997764385915e-05 9.785279429241229012e-06 9.469518999009090063e-06 8.910604232314064539e-06 8.602683328925261845e-06
8.423632523566949265e-06 9.989133745528465245e-06 9.743786669289239327e-06 9.436151603386109228e-06 8.874030745649736220e-06 8.572804142720085889e-06
8.321723527681053231e-06 9.932060565304676213e-06 9.702582426701000719e-06 9.402606798273429724e-06 8.837262520977597635e-06 8.542185797804310480e-06
8.217674769465074835e-06 9.876995080642175052e-06 9.662100647861843861e-06 9.370567910522187733e-06 8.800415864633589542e-06 8.511748250159869501e-06
8.112261134273084342e-06 9.824190114744008571e-06 9.621689759157457859e-06 9.339899523014178696e-06 8.763519553996178640e-06 8.482926049688456171e-06
8.005155570794357246e-06 9.773661170870068517e-06 9.580935832091320737e-06 9.308271151545403194e-06 8.726485284972943326e-06 8.456840055930765757e-06
7.896037923508128189e-06 9.725208189449098171e-06 9.539945222229767702e-06 9.275479696171717720e-06 8.689309737201740408e-06 8.431314909923139537e-06
7.785245906458104951e-06 9.678633405574472054e-06 9.498269263937516571e-06 9.242737416471781921e-06 8.651931839209816094e-06 8.404038578917390358e-06
7.672975635372862081e-06 9.633835396243860846e-06 9.455910119077060022e-06 9.210549266712077666e-06 8.613442467687472669e-06 8.377725828173893691e-06
7.558762955873228217e-06 9.590621463261372087e-06 9.412975192791801451e-06 9.179587311438616091e-06 8.574714409298391394e-06 8.351990044264595014e-06
7.441880384971002838e-06 9.548721292459510607e-06 9.369631742343821040e-06 9.151434944129199501e-06 8.536366413380161249e-06 8.326340298364548237e-06
7.322045529368886909e-06 9.507838034106053983e-06 9.326951620683510765e-06 9.122385909352057941e-06 8.498569176076538990e-06 8.300348281171753803e-06
7.200187256089210828e-06 9.467970297916000020e-06 9.284821256426131739e-06 9.091816126865015645e-06 8.462483875622327738e-06 8.273753320235962581e-06
7.077042550686437770e-06 9.429190913428458739e-06 9.242902939643900703e-06 9.060000511781594065e-06 8.428035551516301657e-06 8.245001169690759760e-06
6.952769133909811111e-06 9.391499586700259689e-06 9.200790319394217811e-06 9.026796263551759182e-06 8.394624911357286443e-06 8.215405175680489300e-06
6.827118784802112871e-06 9.354824383396845766e-06 9.158122850674248517e-06 8.992274501237549551e-06 8.362680492470716070e-06 8.187520032046533231e-06
6.700031958604001729e-06 9.319153703056531771e-06 9.115659650470348696e-06 8.958479598358542876e-06 8.332807563609184067e-06 8.162717674360781990e-06
6.571557513191486451e-06 9.284349705737430676e-06 9.073967349806244818e-06 8.923842958582630115e-06 8.303523588166157168e-06 8.137374397986644719e-06
6.441726252259797315e-06 9.250183883925882451e-06 9.033055800786290236e-06 8.886978806615612731e-06 8.276250200666871205e-06 8.110687626062730327e-06
6.310501094735814053e-06 9.216409640032296305e-06 8.992830601446818398e-06 8.846472315054793262e-06 8.250972052241772973e-06 8.083720975727187694e-06
6.177713835892740171e-06 9.182776589687745097e-06 8.953177256599842234e-06 8.803438224082911845e-06 8.227691783459468324e-06 8.056926302187936926e-06
6.043328293964445531e-06 9.149208951082864777e-06 8.914180847930490900e-06 8.760984258520389010e-06 8.206678670121746213e-06 8.028872151383482093e-06
5.907630303085574370e-06 9.115436985130904513e-06 8.875939055990059452e-06 8.719121529253885149e-06 8.186967388617196059e-06 7.999704869854893009e-06
5.770854338613987339e-06 9.081232885582886722e-06 8.838716951672361143e-06 8.677886039819876466e-06 8.168419132960687780e-06 7.970219989144070063e-06
5.632757047314691616e-06 9.046318708389418099e-06 8.802995785074962094e-06 8.638193184317222723e-06 8.149975800419621171e-06 7.940682749436285545e-06
5.493143291596353116e-06 9.010561506974489049e-06 8.768501394885254213e-06 8.599287028022736842e-06 8.132111954770679266e-06 7.911211778245535274e-06
5.351772432142183055e-06 8.973970273368003653e-06 8.734619702552553350e-06 8.558311941430517925e-06 8.114934275545220645e-06 7.882214389662166415e-06
5.209174917515364909e-06 8.936617242988661715e-06 8.701400729064238794e-06 8.517316297983283172e-06 8.097518299949869915e-06 7.853402034844403359e-06
5.066029316593353682e-06 8.898583057412452182e-06 8.668950246556180963e-06 8.477536738975736011e-06 8.080423367876935243e-06 7.825050026451704495e-06
4.923061435466244525e-06 8.859948227922794330e-06 8.637754142512579872e-06 8.434923657273649312e-06 8.063855586300215186e-06 7.796857019903680701e-06
4.781237485094088830e-06 8.820841968390389105e-06 8.608333262395540648e-06 8.396514771736365021e-06 8.047251946605709849e-06 7.768452211758801552e-06
4.641468259531925363e-06 8.781355441167405836e-06 8.580237285876104038e-06 8.359530863946508503e-06 8.030516483291116959e-06 7.739181899399946127e-06
4.504390189708537456e-06 8.741538201242822378e-06 8.552846291489725629e-06 8.324466358365907882e-06 8.013899100727367691e-06 7.710894523153983686e-06
4.370370741421410081e-06 8.701430029900533887e-06 8.525757783672678446e-06 8.288858001064474418e-06 7.997124798982102104e-06 7.683910448761538549e-06
4.239331320412937364e-06 8.660959931756604749e-06 8.498823446944351505e-06 8.252915352079483031e-06 7.980728742885272208e-06 7.657317965451849927e-06
4.111207076433921810e-06 8.619987851144373937e-06 8.472068019056251339e-06 8.218428175958615334e-06 7.964939232779059166e-06 7.632172663727458155e-06
3.986271952440598759e-06 8.578503549824336875e-06 8.445597240733363053e-06 8.183999611328515250e-06 7.949102827568647133e-06 7.607303116216463366e-06
3.864235271838653180e-06 8.536485788339941464e-06 8.419742089001566734e-06 8.147310153337286608e-06 7.933161695630423099e-06 7.582258712654015699e-06
3.744512004174860450e-06 8.493830549070217824e-06 8.394483905281733543e-06 8.111218436845257473e-06 7.917526274669023278e-06 7.556157210318157609e-06
3.626310419024902460e-06 8.450560023118140309e-06 8.369492183767399351e-06 8.078662339952076164e-06 7.901711885861528118e-06 7.529571042512916214e-06
3.509045843904738073e-06 8.406639959123541356e-06 8.344711242879140401e-06 8.049273798213234813e-06 7.885398672934645987e-06 7.504866245846083614e-06
3.392789943979403432e-06 8.362070701534859242e-06 8.319642984973100251e-06 8.021341099978469461e-06 7.869112127287925364e-06 7.479057825767446475e-06
3.277896691464437010e-06 8.317012334345908148e-06 8.293666698224595025e-06 7.993967405078327953e-06 7.853287231004649153e-06 7.451979577070667009e-06
3.164904826271154206e-06 8.271594642253517356e-06 8.267054607875296945e-06 7.967542273137318316e-06 7.837746915235808441e-06 7.425626723055828953e-06
3.054074788273957277e-06 8.225916899557681288e-06 8.240464490851760941e-06 7.941479746560044754e-06 7.822275185958883363e-06 7.400743346141159353e-06
2.945563156949051693e-06 8.180041747124030567e-06 8.214004340874898332e-06 7.915278792819108376e-06 7.807195887177731638e-06 7.376273149713806426e-06
2.839434249264823915e-06 8.134099269067574138e-06 8.187744424095069894e-06 7.887790566647455865e-06 7.792200148590952674e-06 7.351148478655929294e-06
2.735879144832636011e-06 8.088281335968032320e-06 8.161594866891401100e-06 7.860175209791222690e-06 7.777056982809694527e-06 7.325673107092338422e-06
2.635365317339454885e-06 8.042779964347191235e-06 8.135263379399984302e-06 7.835333908509327627e-06 7.761866699231269399e-06 7.300864699238949485e-06
2.538423260988618537e-06 7.997582369577685134e-06 8.108654489234720821e-06 7.813589441501108245e-06 7.745533532078972992e-06 7.278281068837484118e-06
2.445193161668777377e-06 7.952603629719294691e-06 8.081746492188155389e-06 7.795076754950225570e-06 7.727740109166551509e-06 7.255604019858694798e-06
2.355524459496815357e-06 7.907779194554840073e-06 8.054639914067235443e-06 7.777327492796528021e-06 7.709683193442594596e-06 7.231795376302955846e-06
2.269259177100475113e-06 7.863025059197581754e-06 8.027334357396783484e-06 7.755622777007750195e-06 7.692878897791645957e-06 7.209279174882157499e-06
2.186103265130992381e-06 7.818253479701662274e-06 7.999963572117465738e-06 7.730547761487683314e-06 7.676374865997115837e-06 7.186870794455978483e-06
2.105657632039827975e-06 7.773306335448076592e-06 7.972955511613322814e-06 7.705602699922172515e-06 7.659285387390317142e-06 7.163332552466164597e-06
2.027052696618872733e-06 7.728128233497445502e-06 7.946594702461050110e-06 7.682315511591471415e-06 7.642284493503835577e-06 7.138398679955334681e-06
1.949161334399054625e-06 7.682620793859247453e-06 7.920738995324674855e-06 7.661543998387059307e-06 7.624781890972700014e-06 7.112336404193120962e-06
1.871061976245041227e-06 7.636526998850213092e-06 7.895191437413162750e-06 7.641939264121727708e-06 7.606837931232579378e-06 7.086797528671223626e-06
1.792468397057046840e-06 7.589670269936477068e-06 7.870035892621073570e-06 7.620940255929378287e-06 7.589025139938906717e-06 7.062148520214308166e-06
1.713322481037223173e-06 7.542016201988945446e-06 7.845536848400063337e-06 7.597789716557091754e-06 7.570693158131236908e-06 7.039089279750908942e-06
1.633667440991570406e-06 7.493549041589800726e-06 7.821676467190531888e-06 7.572791510533072200e-06 7.552888576579477467e-06 7.018681214420136882e-06
1.553569336850571409e-06 7.444360071259511344e-06 7.798284695593045470e-06 7.547161013619751409e-06 7.534644227513519081e-06 7.001898838130816673e-06
1.473379291247668302e-06 7.394558464917254091e-06 7.775331677510834074e-06 7.524265630269501478e-06 7.515607807174340274e-06 6.989076227866911095e-06
