2.653767454227626277e-01 2.218138140872089326e-01 1.607103280572853843e-01 1.280326054552896609e-01 1.057465384232704475e-01 9.442553281791293829e-02
6.501131675737413518e-02 5.501074516057681552e-02 3.979520867788722410e-02 3.177105988167666650e-02 2.618760135514329804e-02 2.338853424306498036e-02
2.827647099639871500e-02 2.419119129646550570e-02 1.748230926749522879e-02 1.398089815910680961e-02 1.152291315932289263e-02 1.026323778181327008e-02
1.563755976475548343e-02 1.350313720504083687e-02 9.756471085317129296e-03 7.807616349108441670e-03 6.443375832420988360e-03 5.733574135202649386e-03
9.889364033032249993e-03 8.600183560370091435e-03 6.219569603491629378e-03 4.978522621255604234e-03 4.110691947984952341e-03 3.647222788760571058e-03
6.812710459547375447e-03 5.956261221199465015e-03 4.313997097585804859e-03 3.451923383273151902e-03 2.854162637438876788e-03 2.525227189345679874e-03
4.983150715783556117e-03 4.371629516863183469e-03 3.173484589271547644e-03 2.534449017007042292e-03 2.101956462168104011e-03 1.854840931508880625e-03
3.808267074122195957e-03 3.348384470469545522e-03 2.437171001071029679e-03 1.945622061055102530e-03 1.617716150515759090e-03 1.421746687105539773e-03
3.009562119791802694e-03 2.649732518734838633e-03 1.934769384624339568e-03 1.543257724157269441e-03 1.287596153928244076e-03 1.126149078649625124e-03
2.441509500328135386e-03 2.151761879358567598e-03 1.576693755260604379e-03 1.256001700412631402e-03 1.052275546419616020e-03 9.156499074691162778e-04
2.022869274327648761e-03 1.784795147448366712e-03 1.311996006348952783e-03 1.044170398770186657e-03 8.779431990735454697e-04 7.606338885502680110e-04
1.705521989219394539e-03 1.506943754040154272e-03 1.110469273057859739e-03 8.838015475182205713e-04 7.449877589134414361e-04 6.425948097893850915e-04
1.459103324501066432e-03 1.291206349649331878e-03 9.535939149790498585e-04 7.598754517162440792e-04 6.411576105823757303e-04 5.511948490128453469e-04
1.263854030513503635e-03 1.120160850351729822e-03 8.292852843807967155e-04 6.618205787636367637e-04 5.585151220541023816e-04 4.796333195052847852e-04
1.106371278661980517e-03 9.822402563870508054e-04 7.291106565934192194e-04 5.821283207055164043e-04 4.917356162088820778e-04 4.220051244275773274e-04
9.776505834072914906e-04 8.692630914145548556e-04 6.473587138530649890e-04 5.174403369848901667e-04 4.371122883662616676e-04 3.750669784602640006e-04
8.712519334685623999e-04 7.753695137838559912e-04 5.799649502022390275e-04 4.625307903188169054e-04 3.917866304183491213e-04 3.363552601354101619e-04
7.824020262537570566e-04 6.964530705801251671e-04 5.234730243678988601e-04 4.168613049981844559e-04 3.536494255925380875e-04 3.037956230278321661e-04
7.075512725294300694e-04 6.295561023558364543e-04 4.756622891121865706e-04 3.782403444160606777e-04 3.213185159417404646e-04 2.761650237658818774e-04
6.440592382506443595e-04 5.722721252189761102e-04 4.347877162792322800e-04 3.453185874198778796e-04 2.937238532084824011e-04 2.528121671049491184e-04
5.897698668341604111e-04 5.227869301320268655e-04 3.995964739666464757e-04 3.170220169123943652e-04 2.698399971558831630e-04 2.326640801011699668e-04
5.430547241097764344e-04 4.797235993471728448e-04 3.690360353798281855e-04 2.922972658679678427e-04 2.489592780497275424e-04 2.153188742109993410e-04
5.024886793694746754e-04 4.420225398913375596e-04 3.423043981310118088e-04 2.707079024824843284e-04 2.305589646102534191e-04 2.001727634570433058e-04
4.669512582890277073e-04 4.088075662433466630e-04 3.187611462967500841e-04 2.519224472196646939e-04 2.142076848467248257e-04 1.867225869200447971e-04
4.354848995077952685e-04 3.794303626756909565e-04 2.978768748408584799e-04 2.352527745608895516e-04 1.997594270211347164e-04 1.747479575438900168e-04
4.074525413037784270e-04 3.533089622095479730e-04 2.792756147923156334e-04 2.204036048111867392e-04 1.869411603691967206e-04 1.639031236954019497e-04
3.823448208109086728e-04 3.299499338832832676e-04 2.627205224467331519e-04 2.070815378356839125e-04 1.756691926385954658e-04 1.539893629761631159e-04
3.597269087697137690e-04 3.089491386922176355e-04 2.479110429351281280e-04 1.950669350147138262e-04 1.656645463320093818e-04 1.450934254392858799e-04
3.392710697751219712e-04 2.900003098245875367e-04 2.346339789279680804e-04 1.843250438444138254e-04 1.565518245545209880e-04 1.371443377162061153e-04
3.206898357059109728e-04 2.728099286558747431e-04 2.226714794167017548e-04 1.745337140112415881e-04 1.482106451942319088e-04 1.301104723604272343e-04
3.037557706485142497e-04 2.571665215518969638e-04 2.118725453170321378e-04 1.656486090980698435e-04 1.405479840681461245e-04 1.234930469538700641e-04
2.882787658236277595e-04 2.429707398948653869e-04 2.019733240961308046e-04 1.576506263407864835e-04 1.335834144991849463e-04 1.175613150799349158e-04
2.741133551429292075e-04 2.300763194107136825e-04 1.928417239055100184e-04 1.503105425027007102e-04 1.272693709180664206e-04 1.120636062508407761e-04
2.611334817593812300e-04 2.182753632892738059e-04 1.844325159502943417e-04 1.435914827680505128e-04 1.214952709158981692e-04 1.070749490608667045e-04
2.492196242013812436e-04 2.074456519599379440e-04 1.766932990881866551e-04 1.373981106447340447e-04 1.161884910233276492e-04 1.025025282770062484e-04
2.382540557741673478e-04 1.975299207801682296e-04 1.695107532443480478e-04 1.316968027675384728e-04 1.112893275296155825e-04 9.834645290870338977e-05
2.281345332289214209e-04 1.884377064474196178e-04 1.628308218398727240e-04 1.264576378968087654e-04 1.067912996785243609e-04 9.443422922418365846e-05
2.187774786272841238e-04 1.800097869041887187e-04 1.566421128813609922e-04 1.216209526014762208e-04 1.025547962555387933e-04 9.080582488044522187e-05
2.100978541412271117e-04 1.722027388493572000e-04 1.509166285545858108e-04 1.170915280113180121e-04 9.869623778943860317e-05 8.737959100497113619e-05
2.020371972485455580e-04 1.649988140609844967e-04 1.455868550764844837e-04 1.128179344906948014e-04 9.514506781127465981e-05 8.414457763470176155e-05
1.945363499271400890e-04 1.583568110724255435e-04 1.405842853030938883e-04 1.087899488398733891e-04 9.185337325234342403e-05 8.106545246375326981e-05
1.875405133162240910e-04 1.522125408423033552e-04 1.358562945408537108e-04 1.050026588777894812e-04 8.881049856696115162e-05 7.835801231088309119e-05
1.810130881146741907e-04 1.465102832043080729e-04 1.313539176610305388e-04 1.014601285179552782e-04 8.592233541422746111e-05 7.577226618617336938e-05
1.749138358051641846e-04 1.412172197429028425e-04 1.270909484759226980e-04 9.816896661759179495e-05 8.318186995226281740e-05 7.338427663298512863e-05
1.692027075507867564e-04 1.363221150307275379e-04 1.229775688012602411e-04 9.512929945605727176e-05 8.062289713717845827e-05 7.105636127100659180e-05
1.638476644402391349e-04 1.317911268475765768e-04 1.189873764084952248e-04 9.234481987903187590e-05 7.824030557831233835e-05 6.887877443106877945e-05
1.588152455305466624e-04 1.275752029945912401e-04 1.151593664589241323e-04 8.972598645902702503e-05 7.600647609448230957e-05 6.680413014722053500e-05
1.540781501740496392e-04 1.236485544221946971e-04 1.115042802105378463e-04 8.729467933523993870e-05 7.390406825037143502e-05 6.487254830495296635e-05
1.496050455634711021e-04 1.199613697640538609e-04 1.080286041871948661e-04 8.498133624167066068e-05 7.189905434749924932e-05 6.309990056998420003e-05
1.453793930702194990e-04 1.164976064624191626e-04 1.047114801864297161e-04 8.282502051375006209e-05 6.998375471400938397e-05 6.142001312108850335e-05
1.413801933588840578e-04 1.132390010726676754e-04 1.015461323859949546e-04 8.080388629437375357e-05 6.816663077664007861e-05 5.985459962277532824e-05
1.375965839922331274e-04 1.101562882636012694e-04 9.854295804885539677e-05 7.891366082619604544e-05 6.644504028685454589e-05 5.836489444950592229e-05
1.340306047535844115e-04 1.072279966236266790e-04 9.570272995279167894e-05 7.708691142939948227e-05 6.481228900643414296e-05 5.695024806402662447e-05
1.306616820409311260e-04 1.044430188921772947e-04 9.301044840194918966e-05 7.537497334832626893e-05 6.325957250384139745e-05 5.560924513632850195e-05
1.274613751271535069e-04 1.017956857065732115e-04 9.044655324455125333e-05 7.375841154440016933e-05 6.181066528277202074e-05 5.432155230407987510e-05
1.244073915000624205e-04 9.927442092392532507e-05 8.800899104756432798e-05 7.222290543872367252e-05 6.044118836405816287e-05 5.308374257118815315e-05
1.214871873357026798e-04 9.687004812348607092e-05 8.570605000174439910e-05 7.083753806780955932e-05 5.914359091312654867e-05 5.191726696005057349e-05
1.186925857185230888e-04 9.456744838384038301e-05 8.352931847552993029e-05 6.923594923418196329e-05 5.791666088583732013e-05 5.083796373781835091e-05
1.160132798841187316e-04 9.236460963051754765e-05 8.144802353976769314e-05 6.783287241137740296e-05 5.674345530861608163e-05 4.981803476644797017e-05
1.134410240962172771e-04 9.026035792191556889e-05 7.942286782278876829e-05 6.652123804852424745e-05 5.562148416500054655e-05 4.879815508793096461e-05
1.109722362846951051e-04 8.824763535088920663e-05 7.748019832823486747e-05 6.530517374974505933e-05 5.455618538742417292e-05 4.785935971864230780e-05
1.085941035755320867e-04 8.631893114690504672e-05 7.561282915437563218e-05 6.416670982651587944e-05 5.353394755560088840e-05 4.693731969340767326e-05
1.062947949186972822e-04 8.447045781513996072e-05 7.379981204099483329e-05 6.310247501796809565e-05 5.255329288999529376e-05 4.606309174495754706e-05
1.040902243502093776e-04 8.270754121557811079e-05 7.204337685406200927e-05 6.211447876437544324e-05 5.160564879422302882e-05 4.523754526907001566e-05
1.019590464558571097e-04 8.103394764020047678e-05 7.033389221905066776e-05 6.116829843503087316e-05 5.068909044949275987e-05 4.444312475342074336e-05
9.991672531008764899e-05 7.944904150213074321e-05 6.870543843674991854e-05 6.025698058759966551e-05 4.978144808350992907e-05 4.368328459092661175e-05
9.795058315825326328e-05 7.794483879951084491e-05 6.715000898509790924e-05 5.937246927289093872e-05 4.887514883236915384e-05 4.294322536782264194e-05
9.605010069794293480e-05 7.651559788129795906e-05 6.565007532004452301e-05 5.854525853112958549e-05 4.801302513043919544e-05 4.222639720466814201e-05
9.420310937657392530e-05 7.515347506310997489e-05 6.416467416493411454e-05 5.768764494833661740e-05 4.718282815562339986e-05 4.153376935096827165e-05
9.240555665117584450e-05 7.385559281847825660e-05 6.272724179007258048e-05 5.689863105020954065e-05 4.639354928757220158e-05 4.085672798788695580e-05
9.065737647010997874e-05 7.261457132975011777e-05 6.135505957004343529e-05 5.608495827744844147e-05 4.566031626881929332e-05 4.021552072072448122e-05
8.895575646907525127e-05 7.142278175724737826e-05 6.003672524248084930e-05 5.528964119692661417e-05 4.499339252339093481e-05 3.960673480723094473e-05
8.730093539391695339e-05 7.027398243498683369e-05 5.877829426231067717e-05 5.453093000651198119e-05 4.436362164410465015e-05 3.902331284978392974e-05
8.568512012451432976e-05 6.916671481710678665e-05 5.754492236961675049e-05 5.377623077798630163e-05 4.375765059542596351e-05 3.844858075552509306e-05
8.411089204573796933e-05 6.809821217916220415e-05 5.637801636133347939e-05 5.306991076972225683e-05 4.317277758408961886e-05 3.790540895638418233e-05
8.257928518417225372e-05 6.706672637591338181e-05 5.527713287507031437e-05 5.231441000573399541e-05 4.261255232992316961e-05 3.737772214173899662e-05
8.108481225244240100e-05 6.606972075096839627e-05 5.424471835139508944e-05 5.149818766396437243e-05 4.207799801258379981e-05 3.687565172250421923e-05
7.964312070374267858e-05 6.510747387310133398e-05 5.323476365343039350e-05 5.073293907892065848e-05 4.156386299056775524e-05 3.639706183874601484e-05
7.824904845572249628e-05 6.417875711774409021e-05 5.228828377171722952e-05 4.998548076578891784e-05 4.106949219042266459e-05 3.594522566654073388e-05
7.690275872148223755e-05 6.328272659468987306e-05 5.139784016811634873e-05 4.924146834100031137e-05 4.059293680358053050e-05 3.551449142031987523e-05
7.560599003221009492e-05 6.241580024511286925e-05 5.055839341297020309e-05 4.852537718250567449e-05 4.013165511222362988e-05 3.509792231525345386e-05
7.435492710972254303e-05 6.157593181130548978e-05 4.975102755671999982e-05 4.775329941945190770e-05 3.969384868045477087e-05 3.468427918807770807e-05
7.314767072482444539e-05 6.076155752656400171e-05 4.900027324828861152e-05 4.699934614664153708e-05 3.927609201529251549e-05 3.428029709597443304e-05
7.198338033784717300e-05 5.997133375477371530e-05 4.829486079394732699e-05 4.625979576936214711e-05 3.887959693392352022e-05 3.388425778868411962e-05
7.086397376841089234e-05 5.920379014154908854e-05 4.761848962350798771e-05 4.556781836344056384e-05 3.851009676490005010e-05 3.350976735513033891e-05
6.978958212042256316e-05 5.845805737466990394e-05 4.697699719816349299e-05 4.490368823987908240e-05 3.810331774251914913e-05 3.314778985684300289e-05
6.876148957836745795e-05 5.773259140494171079e-05 4.635432804946545114e-05 4.414040520394524770e-05 3.772004285371032440e-05 3.278072116917782976e-05
6.777038403881463469e-05 5.702570451797792279e-05 4.575289684190224782e-05 4.340309293777622657e-05 3.737542482416317995e-05 3.238006695995155205e-05
6.681025199735473815e-05 5.633470376528952047e-05 4.517268002056881341e-05 4.273987059457417268e-05 3.705704664284028025e-05 3.195960779113885978e-05
6.588133232599854936e-05 5.566036608215284488e-05 4.461066918896763444e-05 4.206454260677488263e-05 3.676243961831343702e-05 3.155253508009024042e-05
6.498170595090834681e-05 5.500137653614459399e-05 4.406479160281077755e-05 4.142297036280329759e-05 3.649311785851129856e-05 3.118346306387598374e-05
6.411184531178730668e-05 5.435746819654270110e-05 4.353043362897268648e-05 4.085795089278532758e-05 3.624107387726479369e-05 3.094161490041923195e-05
6.327113276881072743e-05 5.372924489346223243e-05 4.300532524077077691e-05 4.014332447351793101e-05 3.598666250036354616e-05 3.060831142871246486e-05
6.245847198782975116e-05 5.311635187658545702e-05 4.249808196478163349e-05 3.948622351835393929e-05 3.573434213512431592e-05 3.032404515813312247e-05
6.167335833181278011e-05 5.251820681064491106e-05 4.200734783003116847e-05 3.885354825260620544e-05 3.548784986448009463e-05 3.005143066097787138e-05
6.090916189217946742e-05 5.193395101349814808e-05 4.153045211519671825e-05 3.832814153807564890e-05 3.523915022915471084e-05 2.978693772406817709e-05
6.015729403126227618e-05 5.136359441637287649e-05 4.106123481229641628e-05 3.772424134948336059e-05 3.497172459460515693e-05 2.952627027480169303e-05
5.942228524521167522e-05 5.080586213546008079e-05 4.060426899797569498e-05 3.719955500257136736e-05 3.468987669572740008e-05 2.928821533758415400e-05
5.869823543993325516e-05 5.026018573405815522e-05 4.015787608432934479e-05 3.672890277166808789e-05 3.441492165524872877e-05 2.904701515629307872e-05
5.798711920821912765e-05 4.972665604640913076e-05 3.971980391474377880e-05 3.620560501161452062e-05 3.413923840209845677e-05 2.882814231853275466e-05
5.729484812989944510e-05 4.920501246658221060e-05 3.929259215136989220e-05 3.570160442675487857e-05 3.387151054345697242e-05 2.864025189870868942e-05
5.662244478164462161e-05 4.869474315424287430e-05 3.887850593266448595e-05 3.523513909056848713e-05 3.360403192886124641e-05 2.845073126926791823e-05
5.596671086811589007e-05 4.819603695496383949e-05 3.847231556501709028e-05 3.477827144221793727e-05 3.334222908386442720e-05 2.827510682901237157e-05
5.532602787221957262e-05 4.770657872561447554e-05 3.807894283196858876e-05 3.432796422751116804e-05 3.308563547120550215e-05 2.810596152146939474e-05
5.469906561518533567e-05 4.722450765122278304e-05 3.769437908875813498e-05 3.392170575748403911e-05 3.283133687808380329e-05 2.794193523418997657e-05
5.408444083659535615e-05 4.675009266951797869e-05 3.732384610158483331e-05 3.349252521433953244e-05 3.257887452863116474e-05 2.778104726606229059e-05
5.347871392481580899e-05 4.628379672524750689e-05 3.697150094284693239e-05 3.305059353489088345e-05 3.232500441027414751e-05 2.761947430913499533e-05
5.288421768951160305e-05 4.582577885099442283e-05 3.664204195474364702e-05 3.263450806836614598e-05 3.204601313697186835e-05 2.746572019736912403e-05
5.229672756236543888e-05 4.537576159048314754e-05 3.632437727139398224e-05 3.222485921383234767e-05 3.176812420783428279e-05 2.731630797828436889e-05
5.170758899568030407e-05 4.493387710734001708e-05 3.601855067668187973e-05 3.181685632338046549e-05 3.150136375826673542e-05 2.713643805894115071e-05
5.111694637390509419e-05 4.450042724372464247e-05 3.572540118338702198e-05 3.142264739337293752e-05 3.124323019779927754e-05 2.697173915375726067e-05
5.052801780949998348e-05 4.407623386428816055e-05 3.544490126574005936e-05 3.104993714879764445e-05 3.096137985048646383e-05 2.678815645673053461e-05
4.993956247708953363e-05 4.366150918933768121e-05 3.517396417468260237e-05 3.068474395720532206e-05 3.067397611549630245e-05 2.662885906928724050e-05
4.935386928783770319e-05 4.325642707172953699e-05 3.490879470989571490e-05 3.031365867253564160e-05 3.036045567535523750e-05 2.647920219050986407e-05
4.877917541270450504e-05 4.286178573114510031e-05 3.464691210504187860e-05 2.997386693643252614e-05 3.004209024844169644e-05 2.640618109453769560e-05
4.822059585349445008e-05 4.247963763100501408e-05 3.438611577721836435e-05 2.966290135810712198e-05 2.969062147329312786e-05 2.628281148662276796e-05
4.767796634407715686e-05 4.210896268932894695e-05 3.412747477197104604e-05 2.938057304739049460e-05 2.932901050254781950e-05 2.615164554057405717e-05
4.715247884772452534e-05 4.174954400882740910e-05 3.387050701732075941e-05 2.909556910146774195e-05 2.896008125259544902e-05 2.606842458661134791e-05
4.664592995432167695e-05 4.139914131125442011e-05 3.361661252077003748e-05 2.883319916381236130e-05 2.858914565912961143e-05 2.595758426554093586e-05
4.615818144687080100e-05 4.105676767352953665e-05 3.336677535878822026e-05 2.858919903764615359e-05 2.820781632540420516e-05 2.585922686729934128e-05
4.569036387194788364e-05 4.072182609526779943e-05 3.312091925350999031e-05 2.834395131588573273e-05 2.782525320144520493e-05 2.576586430090033140e-05
4.524031729593576905e-05 4.039332702238165185e-05 3.287956976744442163e-05 2.809905894635376583e-05 2.745656600328252812e-05 2.565262218253048661e-05
4.480720588491233575e-05 4.007108740334248091e-05 3.264254385350055430e-05 2.787403604947684066e-05 2.711208686919273103e-05 2.550408051389098659e-05
4.438955049437604065e-05 3.975527466186330256e-05 3.241001807514113872e-05 2.764825368193657201e-05 2.677864300286062578e-05 2.534252746613053914e-05
4.398572681483168786e-05 3.944507628729238008e-05 3.218251947414176695e-05 2.742858520793937105e-05 2.645690945859644345e-05 2.520150414060199755e-05
4.359082956952356323e-05 3.913861777120579698e-05 3.196052420379441849e-05 2.722261752188837871e-05 2.615597689972958009e-05 2.506754730587027393e-05
4.320235586885076278e-05 3.883623615332206170e-05 3.174512634787805078e-05 2.701051359398962720e-05 2.585751621877994830e-05 2.498782240332475489e-05
4.281997984800771536e-05 3.853695743679068901e-05 3.153578310099302987e-05 2.679683613163797560e-05 2.554145267578953436e-05 2.491750915816654135e-05
4.244066554868784416e-05 3.824137251285120176e-05 3.133010457612262303e-05 2.658766423298205111e-05 2.523656516683171348e-05 2.477707727522490520e-05
4.206659154586707953e-05 3.795049690937267245e-05 3.112764486984793245e-05 2.641642186199540224e-05 2.493512353435618366e-05 2.466246791096510303e-05
4.169488099355794265e-05 3.766476393914717488e-05 3.092826881803820897e-05 2.624523717293303352e-05 2.466383400786730190e-05 2.450467527777284830e-05
4.132437605093544668e-05 3.738481906294862929e-05 3.073079784647430435e-05 2.606079680662075663e-05 2.438836867976551675e-05 2.436064992605103735e-05
4.095601594142835879e-05 3.711029615411638960e-05 3.053618056996901172e-05 2.587470081019263644e-05 2.412614824105380025e-05 2.420921251294768067e-05
4.058955083090554669e-05 3.684126506176388073e-05 3.034340824286274702e-05 2.569158027551715631e-05 2.388952726634960454e-05 2.405903246363168168e-05
4.022589550354601354e-05 3.657614473600854149e-05 3.015349553239245377e-05 2.551317275015451447e-05 2.366414888385966699e-05 2.395213493083510762e-05
3.986815428493479521e-05 3.631394945380569294e-05 2.996826749928723207e-05 2.533735528271896333e-05 2.342861432650929308e-05 2.377180956280045349e-05
3.952008406437307846e-05 3.605442717650094993e-05 2.978715140293639971e-05 2.516379791176658948e-05 2.320919449812467204e-05 2.356483012484467110e-05
3.918242234797182053e-05 3.579708934110874637e-05 2.961058501815237652e-05 2.499263210736394963e-05 2.299712366045840605e-05 2.342972989137900787e-05
3.885790805434627220e-05 3.554185415326308354e-05 2.943822722841997391e-05 2.482338913994248413e-05 2.282051928257368244e-05 2.323768184939525860e-05
3.855015330132831899e-05 3.528924068137738251e-05 2.926983349652748052e-05 2.465522903338925615e-05 2.264120465585320676e-05 2.308734396666034481e-05
3.825986668762384335e-05 3.503913171453045114e-05 2.910529397778382089e-05 2.448969037004993760e-05 2.248190992699447053e-05 2.287306739921937012e-05
3.798666496867365633e-05 3.479079302733524386e-05 2.894459780391709909e-05 2.432794673402259794e-05 2.233020473751219301e-05 2.261579691621212732e-05
3.772994290083871041e-05 3.454377087788780706e-05 2.878876648677261110e-05 2.416863598093828530e-05 2.219230522628690299e-05 2.244200288736949823e-05
3.749420555571676607e-05 3.429846533562971866e-05 2.863750099158946519e-05 2.401317102842209203e-05 2.205223501827016639e-05 2.221119399689968523e-05
3.727827467176635421e-05 3.405361528646094868e-05 2.849127881134809218e-05 2.386585391105289282e-05 2.191945712474264868e-05 2.196517617773750616e-05
3.708091396611568459e-05 3.380945545477000971e-05 2.834889731279894789e-05 2.372901964937675323e-05 2.178615671827521604e-05 2.178113635381100755e-05
3.690321703962963837e-05 3.356670626079964341e-05 2.820824261135708205e-05 2.359942077601271876e-05 2.165671258655698877e-05 2.152967841142800366e-05
3.674186222927664414e-05 3.332536786676728436e-05 2.807041226871173704e-05 2.347458801163056978e-05 2.152690123599487664e-05 2.128197953866752952e-05
3.659354438665666424e-05 3.308540265859662307e-05 2.793537291664048886e-05 2.335763169023894901e-05 2.139963181300357040e-05 2.104279603597608144e-05
3.645483767351690959e-05 3.284655867753793096e-05 2.780265245610556076e-05 2.324851375578514901e-05 2.126757464499282957e-05 2.082454760620376262e-05
3.632272299675022592e-05 3.260854350347902207e-05 2.767154217946622970e-05 2.314476621772604747e-05 2.113010509878301166e-05 2.061732335445185964e-05
3.619517379151698637e-05 3.237109998325273473e-05 2.754267313290406294e-05 2.304544692758935209e-05 2.098746642520413143e-05 2.040591898206710892e-05
3.607079508150531162e-05 3.213442253034323422e-05 2.741460655309429300e-05 2.294852221924682369e-05 2.084473038115819152e-05 2.018578929039299347e-05
3.594966007648841308e-05 3.189894582340922909e-05 2.728794601616914669e-05 2.285221191628626405e-05 2.070570928927156209e-05 1.999916460175891580e-05
3.583163227848822270e-05 3.166524390071954272e-05 2.716295482562384542e-05 2.275666333372412426e-05 2.056908047908722676e-05 1.979938425348262758e-05
3.571607955499729603e-05 3.143406714407545339e-05 2.703842552835719425e-05 2.266316169685663162e-05 2.043558557816995848e-05 1.960732972519217782e-05
3.560230544122348391e-05 3.120622148901840923e-05 2.691405859555902840e-05 2.257238603057325709e-05 2.030294436510711318e-05 1.941685276576692485e-05
3.548852715178735343e-05 3.098234191817984758e-05 2.678998221295573819e-05 2.248285843812758829e-05 2.017413005198433906e-05 1.923853117738139143e-05
3.537110501512029490e-05 3.076247495743364055e-05 2.666561801006170807e-05 2.239333860370344638e-05 2.005041960387353108e-05 1.907929789014489873e-05
3.524612130961217747e-05 3.054601316577196853e-05 2.654228651271431491e-05 2.230445493595709913e-05 1.992764486518334454e-05 1.892559320330236252e-05
3.510942015787404041e-05 3.033362781267615345e-05 2.641916087314589558e-05 2.221677359361969679e-05 1.980539438421695912e-05 1.877474680939538468e-05
3.495720414343511147e-05 3.012638216153393746e-05 2.629499327572356528e-05 2.213042384048215062e-05 1.968407010105691044e-05 1.862405752712725389e-05
3.478771662709017270e-05 2.992456731944568703e-05 2.617007856545436247e-05 2.204501083641800544e-05 1.956818537719877990e-05 1.848888014299810497e-05
3.460077625284167612e-05 2.972860768340871064e-05 2.604401733727925290e-05 2.195999839299693905e-05 1.945581592297340696e-05 1.836534316958298859e-05
3.439718226170524964e-05 2.953832675379453778e-05 2.591726893719163135e-05 2.187482796475885807e-05 1.934498159137747187e-05 1.824756376660367579e-05
3.417872579341004960e-05 2.935323046007104529e-05 2.579190513717872715e-05 2.179004608855437296e-05 1.923669734651409086e-05 1.814052513440987004e-05
3.394706674345107633e-05 2.917373387601991750e-05 2.566811675664360459e-05 2.170583258203754348e-05 1.912927824912499341e-05 1.803611350613646089e-05
3.370385473824269364e-05 2.900005378947022986e-05 2.554642768916855772e-05 2.162246041581576743e-05 1.902095862494411851e-05 1.794030291861995759e-05
3.345264702503052232e-05 2.883194594555518874e-05 2.542663489397975290e-05 2.153743128567259130e-05 1.891407225349905395e-05 1.785695124264463383e-05
3.319563704538857116e-05 2.866940571474012350e-05 2.530920422443166148e-05 2.145033334111994493e-05 1.880883344751403053e-05 1.777585131055035554e-05
3.293464591235798264e-05 2.851150487082672680e-05 2.519299703807108097e-05 2.136548685082385239e-05 1.870840682910671640e-05 1.769806741699762564e-05
3.267453723064802176e-05 2.835755437070627179e-05 2.507955596840645291e-05 2.128284946329258141e-05 1.861293719864517119e-05 1.762197439564660334e-05
3.242049308636470569e-05 2.820636501064848395e-05 2.497002341314734638e-05 2.119458733269799042e-05 1.851670402120064450e-05 1.755296787260159143e-05
3.217384260414001045e-05 2.805703784172285749e-05 2.486434781296212134e-05 2.110239143777514011e-05 1.842337753547058102e-05 1.748997243411612229e-05
3.193392718809751985e-05 2.790923395231277357e-05 2.476208117151233639e-05 2.101475279150612200e-05 1.833279752041228264e-05 1.741756808728933022e-05
3.170025815608788116e-05 2.776244699721968780e-05 2.466162436647114259e-05 2.093054449899045598e-05 1.824786751593335008e-05 1.734867847071936523e-05
3.147211439117859010e-05 2.761610291529207332e-05 2.455866928725860434e-05 2.084388463356998719e-05 1.816921280677648157e-05 1.728529032465075886e-05
3.124898500624427686e-05 2.747122113862100379e-05 2.445643764953230414e-05 2.075624783762304969e-05 1.809479112307226127e-05 1.720342666289049151e-05
3.103112190172080875e-05 2.732769944831331220e-05 2.435420459280954606e-05 2.067034823220335456e-05 1.802557431461158536e-05 1.710814067963961873e-05
3.081985634065604387e-05 2.718603202745892210e-05 2.425093799831783573e-05 2.058712785933381246e-05 1.796237873837516012e-05 1.701422117855962539e-05
3.061655976588009828e-05 2.704682454653389658e-05 2.414655923890509528e-05 2.050582871140092177e-05 1.790614002619266834e-05 1.692048082051354202e-05
3.042154630755501620e-05 2.690993936109780732e-05 2.404023648401309050e-05 2.042845309993502142e-05 1.785557745296692425e-05 1.683354347817462370e-05
3.023424833569207995e-05 2.677543149208455909e-05 2.393264670295080422e-05 2.035267695926677126e-05 1.780742246563216317e-05 1.674778457784464880e-05
3.005353149447371209e-05 2.664362477410039080e-05 2.382330638306314483e-05 2.027948569887061517e-05 1.776009898092443197e-05 1.664832047947527080e-05
2.987951967289423488e-05 2.651451232083096876e-05 2.371441138301899282e-05 2.020950285620232186e-05 1.771295898272867209e-05 1.655600297122640624e-05
2.971200901408778159e-05 2.638809870949517642e-05 2.360606509914665502e-05 2.013987413397700946e-05 1.766613250417690484e-05 1.646759377937400748e-05
2.954659512080338727e-05 2.626399307370701013e-05 2.349795771176623084e-05 2.006918405524714508e-05 1.761955983236199543e-05 1.637601173807743958e-05
2.937838125376286274e-05 2.614161325698398500e-05 2.339070989658375207e-05 2.000296328137938167e-05 1.757278415069972631e-05 1.628744480430322468e-05
2.920646634734914255e-05 2.602078969327026339e-05 2.328413587823308599e-05 1.993581528237320944e-05 1.752565737707058373e-05 1.620164104778477047e-05
2.903038394036244508e-05 2.590171397956866542e-05 2.317850496914716584e-05 1.987056381985664858e-05 1.747854293710158618e-05 1.611796629065673767e-05
2.884894270204250511e-05 2.578429243069078295e-05 2.307410343911648075e-05 1.980561353242034107e-05 1.743159560413791881e-05 1.603366914840435045e-05
2.866233263790248705e-05 2.566889682879780162e-05 2.297127140659420083e-05 1.973772342987789978e-05 1.738468669916725079e-05 1.595004523809124891e-05
2.847145541775209963e-05 2.555574665346250932e-05 2.287088604404220643e-05 1.966902325336122951e-05 1.733739324703425738e-05 1.586456664707652640e-05
2.827695657910178943e-05 2.544498311440030508e-05 2.277252982375949924e-05 1.960045013261393429e-05 1.728991334159162059e-05 1.578346408719199655e-05
2.808163203793121601e-05 2.533657545055656619e-05 2.267652062203256007e-05 1.953529377577176385e-05 1.724239397046311380e-05 1.570581903498522876e-05
2.788746977542700325e-05 2.523089940019052107e-05 2.258206137115303759e-05 1.947330150194823286e-05 1.719482477873626982e-05 1.563054874846079261e-05
2.769442396788214641e-05 2.512796101368640304e-05 2.248605307554281247e-05 1.941183026317066485e-05 1.714770980780632269e-05 1.555763513668781140e-05
2.750228256506827282e-05 2.502707793234697651e-05 2.239158939603864092e-05 1.935152185969644226e-05 1.710103949144172391e-05 1.548775321894815311e-05
2.731124073368626078e-05 2.492784932349654246e-05 2.229970449660432109e-05 1.929350255087900352e-05 1.705463445256755293e-05 1.542095239025423071e-05
2.712141549028856732e-05 2.482952670554163758e-05 2.220943596199873721e-05 1.923494049335700373e-05 1.700864217725005353e-05 1.535669597578906813e-05
2.693305809172683751e-05 2.473171676714045017e-05 2.211975085270558901e-05 1.917698261004103003e-05 1.696294964232672445e-05 1.529547549274919721e-05
2.674654782887912101e-05 2.463446037133407035e-05 2.203098670574295378e-05 1.912139252300075522e-05 1.691803971556800232e-05 1.523691052283240513e-05
2.656207929736297812e-05 2.453803538161788414e-05 2.194254550579062879e-05 1.907072270767975463e-05 1.687404673379150374e-05 1.518035508188901398e-05
2.638006959060123423e-05 2.444247090063181635e-05 2.185498823565538133e-05 1.902442039357494149e-05 1.683099532419065426e-05 1.512627575409713377e-05
2.620093943181935333e-05 2.434755531083922873e-05 2.176821846656963906e-05 1.898807772809300680e-05 1.678888551293551598e-05 1.507546968143078607e-05
2.602415406898418414e-05 2.425314903559054971e-05 2.168189881069400502e-05 1.893200258046363174e-05 1.674742848637599638e-05 1.502771987517741478e-05
2.584905466263482033e-05 2.415915172126379440e-05 2.159597214660862109e-05 1.887074395644121121e-05 1.670648783261046761e-05 1.498230480957494106e-05
2.567554328839127540e-05 2.406551720259851915e-05 2.151113122675377902e-05 1.881401790361628257e-05 1.666604650447888649e-05 1.493918982997483952e-05
2.550370786227430930e-05 2.397235793540681531e-05 2.142713708357381840e-05 1.876514319402059297e-05 1.662594270642063068e-05 1.489831241523633064e-05
2.533379445176254046e-05 2.387978213498467012e-05 2.134351042539058203e-05 1.871654124499905374e-05 1.658590265555373496e-05 1.485958010943626490e-05
2.516639487615276470e-05 2.378795856352909369e-05 2.126033804464393299e-05 1.866893732942501602e-05 1.654599485932842066e-05 1.482250905709487965e-05
2.500307201948528613e-05 2.369725155338348063e-05 2.117721928793712385e-05 1.862458777958113764e-05 1.650612416350939366e-05 1.478720819821293301e-05
2.484468121777363189e-05 2.360756301289827167e-05 2.109426927672870385e-05 1.857976801775857803e-05 1.646629614141167038e-05 1.475370615244369974e-05
2.469177535516975231e-05 2.351890363044895803e-05 2.101159494694489893e-05 1.853424644646321825e-05 1.642631028250743583e-05 1.472180025604269331e-05
2.454511759111586037e-05 2.343139067982606845e-05 2.092872336618035735e-05 1.849027638839909665e-05 1.638621184041643325e-05 1.469148050054559580e-05
2.440446816292245975e-05 2.334464408634791805e-05 2.084523525067513236e-05 1.844815068177507831e-05 1.634573389654645333e-05 1.466209770159140836e-05
2.426913091170666039e-05 2.325822186287193936e-05 2.076205235463949927e-05 1.840651369597706192e-05 1.630473252009685838e-05 1.463268657483986821e-05
2.413773190941252174e-05 2.317165574004395208e-05 2.067965600244682834e-05 1.836568705103968849e-05 1.626338451154798144e-05 1.460312268615482526e-05
2.400941036539547317e-05 2.308452466193282405e-05 2.059826757289699042e-05 1.832662203858451765e-05 1.622208138439003950e-05 1.457398316690919908e-05
2.388340965649149699e-05 2.299641977147816831e-05 2.051868574541810733e-05 1.828569139091890412e-05 1.618146430973654599e-05 1.454523566308111989e-05
2.375965537241446680e-05 2.290734907510334593e-05 2.044046318303928387e-05 1.824473088991309953e-05 1.614082267090962019e-05 1.451629172396500174e-05
2.363911183292141780e-05 2.281746443321271508e-05 2.036241041161620019e-05 1.820402123736723237e-05 1.609826442776735543e-05 1.448725374518545067e-05
2.352280936473651293e-05 2.272653985493723174e-05 2.028511715754965943e-05 1.816499429894155251e-05 1.605281792561267796e-05 1.445814869954724962e-05
2.341111290800523468e-05 2.263458232440336549e-05 2.020951006263031839e-05 1.812901749921496980e-05 1.600647710431031214e-05 1.442922219824657479e-05
2.330367055005291952e-05 2.254201972648833493e-05 2.013516146014412975e-05 1.809499149155808896e-05 1.595939144873532152e-05 1.440035140868919189e-05
2.320017394376222743e-05 2.244876410928436954e-05 2.006214876239470149e-05 1.806385518879867884e-05 1.591287265802358083e-05 1.437181879837157301e-05
2.310028635387905384e-05 2.235490543050360645e-05 1.999005870998648451e-05 1.803918689769416745e-05 1.586755391943381867e-05 1.434350371079422223e-05
2.300383108093946284e-05 2.226061095942858723e-05 1.991896825970201196e-05 1.800341353999299404e-05 1.582247090231155844e-05 1.431577731821744045e-05
2.290914825270577991e-05 2.216570934518560920e-05 1.984877559129463923e-05 1.795737836212847740e-05 1.577672364645762616e-05 1.428800425029065872e-05
2.281499860865987352e-05 2.207015912981078620e-05 1.978049515912705630e-05 1.790873042294358346e-05 1.573320141087440843e-05 1.425934960105521791e-05
2.271978487177840676e-05 2.197436998722770757e-05 1.971461538043247510e-05 1.786366311467981296e-05 1.568913672840803323e-05 1.423008209358182151e-05
2.262135903850290359e-05 2.187883908746291587e-05 1.965029980846986598e-05 1.781663929632199963e-05 1.564818375872334931e-05 1.420205532412496455e-05
2.251808661919228101e-05 2.178386007832052590e-05 1.958800586522053340e-05 1.776472167195281622e-05 1.560928111042806597e-05 1.417651214567027500e-05
2.240949622545342318e-05 2.168946414229578663e-05 1.952584877523205813e-05 1.771286608617818383e-05 1.557246938383304672e-05 1.414979028211807273e-05
2.229518628754599948e-05 2.159593507212698670e-05 1.946137261117791714e-05 1.766148652677342732e-05 1.553742109381185552e-05 1.411961570885363399e-05
2.217472624021464149e-05 2.150369630985770778e-05 1.939351586167387543e-05 1.761000018616865230e-05 1.550332734445601242e-05 1.408923711976810409e-05
2.204730086127646506e-05 2.141262603710340418e-05 1.932514103887789529e-05 1.756050097635882771e-05 1.546954861647798835e-05 1.406216166661432704e-05
2.191427413943183844e-05 2.132302432610272579e-05 1.925695375024454918e-05 1.751130962899217304e-05 1.543537568822266501e-05 1.403677922324585526e-05
2.177788832335420503e-05 2.123538663899241432e-05 1.918859412104747760e-05 1.746077673762658878e-05 1.540080862132094569e-05 1.401008891563190822e-05
2.163979632438717591e-05 2.114963690639973831e-05 1.912077498386543511e-05 1.741030052185113902e-05 1.536622087240260731e-05 1.398307083512215251e-05
2.150117949227355586e-05 2.106603465381103469e-05 1.905348630347436276e-05 1.736186716892502443e-05 1.533166627385228545e-05 1.395702195753772900e-05
2.136189814820423069e-05 2.098480379905264155e-05 1.898560575774120422e-05 1.731594555448776515e-05 1.529713175065791232e-05 1.393168048583845186e-05
2.122021101588924437e-05 2.090598333647173546e-05 1.891672134707046818e-05 1.727138746071224138e-05 1.526263533387437469e-05 1.390765107659658800e-05
2.107465456962741494e-05 2.082945869748988298e-05 1.884694646650855574e-05 1.722673337403593866e-05 1.522793763798436195e-05 1.388420087099854508e-05
2.092499562588425252e-05 2.075514479030646391e-05 1.877565231288354800e-05 1.718198848485603451e-05 1.519313760423338711e-05 1.386059226312947947e-05
2.077092048973701411e-05 2.068324351119761744e-05 1.870306350300321701e-05 1.713745020621654718e-05 1.515721246871901432e-05 1.383735045968995983e-05
2.061122190231856163e-05 2.061397022713900066e-05 1.862944671012128678e-05 1.709459949406338586e-05 1.512087911470353009e-05 1.381434137561957398e-05
2.044413931483272714e-05 2.054739076046279713e-05 1.855490665035152141e-05 1.705560013483719601e-05 1.508464944649787704e-05 1.379185147602480852e-05
2.026892299273958724e-05 2.048331450762659372e-05 1.848053669474380826e-05 1.701535468553536253e-05 1.504870960736666048e-05 1.376963374390356685e-05
2.008693264699779545e-05 2.042170090997517070e-05 1.840631799250426614e-05 1.697282058751961551e-05 1.501409665673199116e-05 1.374698059109598519e-05
1.989924887336673957e-05 2.036256379124605896e-05 1.833203530237933305e-05 1.692824364241147050e-05 1.498040253783333977e-05 1.372218359245766151e-05
1.970592872145879876e-05 2.030571981324721167e-05 1.825733349465175992e-05 1.688198610115599190e-05 1.494707697244359911e-05 1.369690162154064244e-05
1.950609233205110576e-05 2.025075910478581960e-05 1.818196019783854830e-05 1.683372956105068079e-05 1.491439777771151421e-05 1.367319712970724443e-05
1.929913689299617851e-05 2.019743235748640815e-05 1.810733063609663799e-05 1.678540678677192664e-05 1.488343268350922325e-05 1.365141403655796342e-05
1.908478021523805069e-05 2.014548009316356563e-05 1.803430226470332536e-05 1.673607594391046579e-05 1.485314216387698900e-05 1.362929448402176705e-05
1.886267509393650590e-05 2.009450622311909524e-05 1.796297889487972471e-05 1.668466853792258342e-05 1.482493399940187342e-05 1.360668660082604451e-05
1.863268252224905929e-05 2.004408052138349929e-05 1.789324063035559317e-05 1.663011071837417463e-05 1.479889508579293438e-05 1.358375083397352220e-05
1.839464507385754754e-05 1.999374007471416142e-05 1.782453390593588823e-05 1.657333701576756973e-05 1.477522149973262142e-05 1.356046592579792195e-05
1.814821488984056782e-05 1.994327281425192791e-05 1.775697586360406048e-05 1.651653399533900454e-05 1.475433775200775296e-05 1.353626315923335268e-05
1.789377895057049509e-05 1.989222876233667171e-05 1.769110966759866206e-05 1.646024845409164576e-05 1.473464623368279561e-05 1.351148207668503189e-05
1.763211539299024426e-05 1.984012959865125145e-05 1.762755824937763870e-05 1.640529935149375769e-05 1.471519844614739880e-05 1.348660322352781938e-05
1.736331548531942756e-05 1.978639048871564226e-05 1.756711601611268459e-05 1.635215686604840531e-05 1.469443012707221802e-05 1.346101479639751791e-05
1.708744465808136945e-05 1.973068577582317838e-05 1.750966013924248920e-05 1.629953028803706461e-05 1.467589065987238174e-05 1.343494659571173261e-05
1.680455742733295409e-05 1.967284958717269172e-05 1.745461184511329342e-05 1.624357083874833083e-05 1.466064720715657119e-05 1.340804283328963365e-05
1.651588005791137240e-05 1.961289024858986450e-05 1.740196328144879670e-05 1.618692927872784153e-05 1.464547855323736767e-05 1.337825055624789530e-05
1.622268487327100501e-05 1.955109628664374437e-05 1.735164619111340879e-05 1.613129618609800549e-05 1.463200848328259498e-05 1.334611502299415629e-05
1.592635265317953602e-05 1.948784282944825686e-05 1.730388385713827964e-05 1.607432925450238119e-05 1.462010399493316422e-05 1.331119800812735913e-05
1.562849110811179553e-05 1.942351091269202277e-05 1.725881488369742208e-05 1.602675546886956937e-05 1.460802053354042692e-05 1.327439566624266442e-05
1.533036805267008474e-05 1.935856784135414464e-05 1.721569656327017524e-05 1.598410526938088058e-05 1.459583811072538594e-05 1.323738428657005958e-05
1.503294192225142979e-05 1.929340159234934737e-05 1.717362665419453860e-05 1.594449553060509669e-05 1.458455942236216298e-05 1.320388088892249515e-05
1.473701898865218101e-05 1.922824597329869154e-05 1.713196198501933871e-05 1.589452967305184900e-05 1.457317344499001835e-05 1.317399498170712163e-05
1.444291806954441988e-05 1.916312220598468717e-05 1.709039799313941878e-05 1.583648896329363392e-05 1.456179862740591286e-05 1.314714598190181535e-05
1.415091509133322966e-05 1.909793481961061666e-05 1.704876229253577560e-05 1.577983476016720513e-05 1.455051033822543092e-05 1.312654823864032672e-05
1.386159016255777975e-05 1.903262910286866914e-05 1.700707206438350483e-05 1.572586770174768203e-05 1.453764555966061385e-05 1.310854914836127557e-05
1.357482987362102876e-05 1.896713445338898081e-05 1.696604751327285022e-05 1.567278578693543015e-05 1.452252207033393182e-05 1.308628187270150153e-05
1.329009748469383667e-05 1.890132001006705382e-05 1.692590919630466412e-05 1.562210103574723335e-05 1.450648585515074982e-05 1.305724486943383262e-05
1.300662500508567916e-05 1.883527291907016103e-05 1.688593693523524246e-05 1.557560707105462211e-05 1.448921419426704889e-05 1.302909436420908055e-05
1.272392993905386931e-05 1.876899131351165230e-05 1.684601417122716068e-05 1.553267341581362107e-05 1.447066527432205996e-05 1.301147140289571541e-05
1.244232695759061715e-05 1.870245539671647601e-05 1.680586364012442801e-05 1.549175410129700268e-05 1.445185913936157441e-05 1.299135106020168253e-05
1.216244545150424340e-05 1.863576737044596491e-05 1.676497266126484543e-05 1.545196339450562151e-05 1.443350976075099953e-05 1.296721161448288089e-05
1.188517058300158211e-05 1.856915622183493512e-05 1.672336296896042882e-05 1.541348433944664465e-05 1.441535171832043136e-05 1.294379005993349225e-05
1.161111166319426801e-05 1.850297589153456802e-05 1.668117883022266561e-05 1.537493440473755376e-05 1.439713004398795256e-05 1.292183039662777618e-05
1.134064888821116509e-05 1.843750999082227089e-05 1.663815083072370658e-05 1.533563781913080501e-05 1.437926544927010953e-05 1.289925880061741750e-05
1.107392148470512399e-05 1.837306987231729800e-05 1.659420933987719026e-05 1.529436287376570333e-05 1.436133656472571169e-05 1.287567635303991760e-05
1.081122418355330488e-05 1.831004419915308845e-05 1.654919650342400310e-05 1.525280693728230249e-05 1.434316251571544366e-05 1.285129854327181245e-05
1.055327164628481408e-05 1.824875564714415678e-05 1.650279997453209837e-05 1.521501495221465513e-05 1.432471278528092477e-05 1.282727964709615387e-05
1.030098484888200632e-05 1.818895025021028482e-05 1.645509113093077149e-05 1.518162181461056017e-05 1.430483247679953335e-05 1.280605221073096673e-05
1.005485212030246787e-05 1.813016960714646390e-05 1.640612746635031232e-05 1.515252524754429573e-05 1.428332913013168621e-05 1.278478418903362986e-05
9.815031283950856447e-06 1.807198259684416141e-05 1.635621430154699809e-05 1.512433023029100150e-05 1.426111494940623324e-05 1.276460485161627710e-05
9.581627401029766921e-06 1.801396963396441402e-05 1.630568411712585755e-05 1.509044005117339028e-05 1.423930799918053077e-05 1.274896998141608258e-05
9.354317280605792414e-06 1.795578038669996335e-05 1.625497040719054443e-05 1.505252268636076722e-05 1.421614821650146270e-05 1.273341696635834052e-05
9.132505765013809886e-06 1.789708468542216584e-05 1.620469682911144781e-05 1.501660291739421234e-05 1.419005247773449887e-05 1.271480990057737802e-05
8.915014995010777285e-06 1.783776741338652567e-05 1.615519585568385102e-05 1.498500766989718436e-05 1.416213626795838629e-05 1.269402016942332730e-05
8.700186985601874351e-06 1.777758909963721124e-05 1.610651575487137164e-05 1.495918020572511012e-05 1.413233568619231317e-05 1.267185279127780322e-05
8.486568403696216224e-06 1.771610686320016797e-05 1.605875119085016238e-05 1.493606111417100769e-05 1.410176939725463343e-05 1.265059815341180034e-05
8.273438174885423916e-06 1.765307225994634997e-05 1.601210544774308881e-05 1.491006117079378014e-05 1.407172663286108896e-05 1.263002004465807648e-05
8.060222099180154741e-06 1.758842074785242347e-05 1.596693692049514884e-05 1.487993723151879973e-05 1.404129937573959327e-05 1.260993355917311960e-05
7.846581986801735379e-06 1.752207755136831100e-05 1.592317483787709622e-05 1.484666768764485452e-05 1.401174307535682418e-05 1.259128320131899048e-05
7.632383956348151512e-06 1.745401135936322753e-05 1.588050162609586254e-05 1.481232000852958976e-05 1.398155501436951788e-05 1.257564841088635008e-05
7.417804332561463824e-06 1.738418890876383349e-05 1.583901526621005104e-05 1.478159590362797765e-05 1.395074119014273757e-05 1.256446598793428339e-05
