1.300000000000000000e+01
1.306499999999999950e+01
1.313000000000000078e+01
1.319500000000000028e+01
1.325999999999999979e+01
1.332499999999999929e+01
1.339000000000000057e+01
1.345500000000000007e+01
1.351999999999999957e+01
1.358500000000000085e+01
1.365000000000000036e+01
1.371499999999999986e+01
1.377999999999999936e+01
1.384500000000000064e+01
1.391000000000000014e+01
1.397499999999999964e+01
1.403999999999999915e+01
1.410500000000000043e+01
1.416999999999999993e+01
1.423499999999999943e+01
1.430000000000000071e+01
1.436500000000000021e+01
1.442999999999999972e+01
1.449500000000000099e+01
1.456000000000000050e+01
1.462500000000000000e+01
1.468999999999999950e+01
1.475500000000000078e+01
1.482000000000000028e+01
1.488499999999999979e+01
1.494999999999999929e+01
1.501500000000000057e+01
1.508000000000000007e+01
1.514499999999999957e+01
1.521000000000000085e+01
1.527500000000000036e+01
1.533999999999999986e+01
1.540500000000000114e+01
1.547000000000000064e+01
1.553500000000000014e+01
1.559999999999999964e+01
1.566499999999999915e+01
1.573000000000000043e+01
1.579499999999999993e+01
1.585999999999999943e+01
1.592500000000000071e+01
1.599000000000000021e+01
1.605499999999999972e+01
1.612000000000000099e+01
1.618499999999999872e+01
1.625000000000000000e+01
1.631500000000000128e+01
1.637999999999999901e+01
1.644500000000000028e+01
1.651000000000000156e+01
1.657499999999999929e+01
1.664000000000000057e+01
1.670499999999999829e+01
1.676999999999999957e+01
1.683500000000000085e+01
1.689999999999999858e+01
1.696499999999999986e+01
1.703000000000000114e+01
1.709499999999999886e+01
1.716000000000000014e+01
1.722500000000000142e+01
1.728999999999999915e+01
1.735500000000000043e+01
1.742000000000000171e+01
1.748499999999999943e+01
1.755000000000000071e+01
1.761500000000000199e+01
1.767999999999999972e+01
1.774500000000000099e+01
1.781000000000000227e+01
1.787500000000000000e+01
1.794000000000000128e+01
1.800499999999999901e+01
1.807000000000000028e+01
1.813499999999999801e+01
1.819999999999999929e+01
1.826500000000000057e+01
1.832999999999999829e+01
1.839499999999999957e+01
1.846000000000000085e+01
1.852499999999999858e+01
1.858999999999999986e+01
1.865500000000000114e+01
1.871999999999999886e+01
1.878500000000000014e+01
1.885000000000000142e+01
1.891499999999999915e+01
1.898000000000000043e+01
1.904500000000000171e+01
1.910999999999999943e+01
1.917500000000000071e+01
1.924000000000000199e+01
1.930499999999999972e+01
1.937000000000000099e+01
1.943500000000000227e+01
1.950000000000000000e+01
1.956500000000000128e+01
1.962999999999999901e+01
1.969500000000000028e+01
1.975999999999999801e+01
1.982499999999999929e+01
1.989000000000000057e+01
1.995499999999999829e+01
2.001999999999999957e+01
2.008500000000000085e+01
2.014999999999999858e+01
2.021499999999999986e+01
2.028000000000000114e+01
2.034499999999999886e+01
2.041000000000000014e+01
2.047500000000000142e+01
2.053999999999999915e+01
2.060500000000000043e+01
2.067000000000000171e+01
2.073499999999999943e+01
2.080000000000000071e+01
2.086500000000000199e+01
2.092999999999999972e+01
2.099500000000000099e+01
2.106000000000000227e+01
2.112500000000000000e+01
2.118999999999999773e+01
2.125500000000000256e+01
2.132000000000000028e+01
2.138499999999999801e+01
2.145000000000000284e+01
2.151500000000000057e+01
2.157999999999999829e+01
2.164499999999999957e+01
2.171000000000000085e+01
2.177499999999999858e+01
2.183999999999999986e+01
2.190500000000000114e+01
2.196999999999999886e+01
2.203500000000000014e+01
2.210000000000000142e+01
2.216499999999999915e+01
2.223000000000000043e+01
2.229500000000000171e+01
2.235999999999999943e+01
2.242500000000000071e+01
2.249000000000000199e+01
2.255499999999999972e+01
2.262000000000000099e+01
2.268500000000000227e+01
2.275000000000000000e+01
2.281499999999999773e+01
2.288000000000000256e+01
2.294500000000000028e+01
2.300999999999999801e+01
2.307500000000000284e+01
2.314000000000000057e+01
2.320499999999999829e+01
2.326999999999999957e+01
2.333500000000000085e+01
2.339999999999999858e+01
2.346499999999999986e+01
2.353000000000000114e+01
2.359499999999999886e+01
2.366000000000000014e+01
2.372500000000000142e+01
2.378999999999999915e+01
2.385500000000000043e+01
2.392000000000000171e+01
2.398499999999999943e+01
2.405000000000000071e+01
2.411500000000000199e+01
2.417999999999999972e+01
2.424500000000000099e+01
2.431000000000000227e+01
2.437500000000000000e+01
2.444000000000000128e+01
2.450500000000000256e+01
2.457000000000000028e+01
2.463499999999999801e+01
2.470000000000000284e+01
2.476500000000000057e+01
2.482999999999999829e+01
2.489499999999999957e+01
2.496000000000000085e+01
2.502499999999999858e+01
2.508999999999999986e+01
2.515500000000000114e+01
2.521999999999999886e+01
2.528500000000000014e+01
2.535000000000000142e+01
2.541499999999999915e+01
2.548000000000000043e+01
2.554500000000000171e+01
2.560999999999999943e+01
2.567500000000000071e+01
2.574000000000000199e+01
2.580499999999999972e+01
2.587000000000000099e+01
2.593500000000000227e+01
2.600000000000000000e+01
