# redshift sampling of the success rate from Lilly+09 fig. 3
0.000000000000000000e+00
5.870020964360586277e-03
1.174004192872117255e-02
1.761006289308175710e-02
2.348008385744234511e-02
2.935010482180293312e-02
3.522012578616351419e-02
4.109014675052410220e-02
4.696016771488469022e-02
5.283018867924527823e-02
5.870020964360586624e-02
6.457023060796644731e-02
7.044025157232702838e-02
7.631027253668762333e-02
8.218029350104820441e-02
8.805031446540879936e-02
9.392033542976938043e-02
9.979035639412996150e-02
1.056603773584905565e-01
1.115303983228511375e-01
1.174004192872117325e-01
1.232704402515723136e-01
1.291404612159328946e-01
1.350104821802934896e-01
1.408805031446540568e-01
1.467505241090146517e-01
1.526205450733752467e-01
1.584905660377358416e-01
1.643605870020964088e-01
1.702306079664570038e-01
1.761006289308175987e-01
1.819706498951781659e-01
1.878406708595387609e-01
1.937106918238993558e-01
1.995807127882599230e-01
2.054507337526205180e-01
2.113207547169811129e-01
2.171907756813416801e-01
2.230607966457022751e-01
2.289308176100628700e-01
2.348008385744234650e-01
2.406708595387840322e-01
2.465408805031446271e-01
2.524109014675052221e-01
2.582809224318657892e-01
2.641509433962263564e-01
2.700209643605869791e-01
2.758909853249475463e-01
2.817610062893081135e-01
2.876310272536687362e-01
2.935010482180293034e-01
2.993710691823899261e-01
3.052410901467504933e-01
3.111111111111110605e-01
3.169811320754716832e-01
3.228511530398322504e-01
3.287211740041928176e-01
3.345911949685534403e-01
3.404612159329140075e-01
3.463312368972745747e-01
3.522012578616351974e-01
3.580712788259957646e-01
3.639412997903563318e-01
3.698113207547169545e-01
3.756813417190775217e-01
3.815513626834380889e-01
3.874213836477987116e-01
3.932914046121592788e-01
3.991614255765198460e-01
4.050314465408804687e-01
4.109014675052410359e-01
4.167714884696016031e-01
4.226415094339622258e-01
4.285115303983227930e-01
4.343815513626833602e-01
4.402515723270439829e-01
4.461215932914045501e-01
4.519916142557651173e-01
4.578616352201257400e-01
4.637316561844863072e-01
4.696016771488469299e-01
4.754716981132074971e-01
4.813417190775680643e-01
4.872117400419286870e-01
4.930817610062892542e-01
4.989517819706498214e-01
5.048218029350104441e-01
5.106918238993709558e-01
5.165618448637315785e-01
5.224318658280922012e-01
5.283018867924527129e-01
5.341719077568133356e-01
5.400419287211739583e-01
5.459119496855344700e-01
5.517819706498950927e-01
5.576519916142557154e-01
5.635220125786162271e-01
5.693920335429768498e-01
5.752620545073374725e-01
5.811320754716980952e-01
5.870020964360586069e-01
5.928721174004192296e-01
5.987421383647798523e-01
6.046121593291403640e-01
6.104821802935009867e-01
6.163522012578616094e-01
6.222222222222221211e-01
6.280922431865827438e-01
6.339622641509433665e-01
6.398322851153038782e-01
6.457023060796645009e-01
6.515723270440251236e-01
6.574423480083856353e-01
6.633123689727462580e-01
6.691823899371068807e-01
6.750524109014673924e-01
6.809224318658280151e-01
6.867924528301886378e-01
6.926624737945491495e-01
6.985324947589097722e-01
7.044025157232703949e-01
7.102725366876309065e-01
7.161425576519915293e-01
7.220125786163521520e-01
7.278825995807126636e-01
7.337526205450732864e-01
7.396226415094339091e-01
7.454926624737944207e-01
7.513626834381550434e-01
7.572327044025156662e-01
7.631027253668761778e-01
7.689727463312368005e-01
7.748427672955974232e-01
7.807127882599579349e-01
7.865828092243185576e-01
7.924528301886791803e-01
7.983228511530396920e-01
8.041928721174003147e-01
8.100628930817609374e-01
8.159329140461214491e-01
8.218029350104820718e-01
8.276729559748426945e-01
8.335429769392032062e-01
8.394129979035638289e-01
8.452830188679244516e-01
8.511530398322849633e-01
8.570230607966455860e-01
8.628930817610062087e-01
8.687631027253667204e-01
8.746331236897273431e-01
8.805031446540879658e-01
8.863731656184484775e-01
8.922431865828091002e-01
8.981132075471697229e-01
9.039832285115302346e-01
9.098532494758908573e-01
9.157232704402514800e-01
9.215932914046119917e-01
9.274633123689726144e-01
9.333333333333332371e-01
9.392033542976938598e-01
9.450733752620543715e-01
9.509433962264149942e-01
9.568134171907756169e-01
9.626834381551361286e-01
9.685534591194967513e-01
9.744234800838573740e-01
9.802935010482178857e-01
9.861635220125785084e-01
9.920335429769391311e-01
9.979035639412996428e-01
1.003773584905660154e+00
1.009643605870020888e+00
1.015513626834381400e+00
1.021383647798741912e+00
1.027253668763102645e+00
1.033123689727463157e+00
1.038993710691823669e+00
1.044863731656184402e+00
1.050733752620544914e+00
1.056603773584905426e+00
1.062473794549266159e+00
1.068343815513626671e+00
1.074213836477987183e+00
1.080083857442347917e+00
1.085953878406708428e+00
1.091823899371068940e+00
1.097693920335429674e+00
1.103563941299790185e+00
1.109433962264150697e+00
1.115303983228511431e+00
1.121174004192871942e+00
1.127044025157232454e+00
1.132914046121593188e+00
1.138784067085953700e+00
1.144654088050314433e+00
1.150524109014674945e+00
1.156394129979035457e+00
1.162264150943396190e+00
1.168134171907756702e+00
1.174004192872117214e+00
1.179874213836477947e+00
1.185744234800838459e+00
1.191614255765198971e+00
1.197484276729559705e+00
1.203354297693920216e+00
1.209224318658280728e+00
1.215094339622641462e+00
1.220964360587001973e+00
1.226834381551362485e+00
1.232704402515723219e+00
1.238574423480083730e+00
1.244444444444444242e+00
1.250314465408804976e+00
1.256184486373165488e+00
1.262054507337525999e+00
1.267924528301886733e+00
1.273794549266247245e+00
1.279664570230607756e+00
1.285534591194968490e+00
1.291404612159329002e+00
1.297274633123689513e+00
1.303144654088050247e+00
1.309014675052410759e+00
1.314884696016771271e+00
1.320754716981132004e+00
1.326624737945492516e+00
1.332494758909853028e+00
1.338364779874213761e+00
1.344234800838574273e+00
1.350104821802934785e+00
1.355974842767295518e+00
1.361844863731656030e+00
1.367714884696016542e+00
1.373584905660377276e+00
1.379454926624737787e+00
1.385324947589098299e+00
1.391194968553459033e+00
1.397064989517819544e+00
