# I-band sampling of the success rate from Lilly+09 fig. 3
1.800000000000000000e+01
1.801464226289517612e+01
1.802928452579034868e+01
1.804392678868552480e+01
1.805856905158069736e+01
1.807321131447587348e+01
1.808785357737104960e+01
1.810249584026622216e+01
1.811713810316139828e+01
1.813178036605657084e+01
1.814642262895174696e+01
1.816106489184692308e+01
1.817570715474209564e+01
1.819034941763727176e+01
1.820499168053244432e+01
1.821963394342762044e+01
1.823427620632279655e+01
1.824891846921796912e+01
1.826356073211314524e+01
1.827820299500831780e+01
1.829284525790349392e+01
1.830748752079867003e+01
1.832212978369384260e+01
1.833677204658901871e+01
1.835141430948419128e+01
1.836605657237936740e+01
1.838069883527454351e+01
1.839534109816971608e+01
1.840998336106489219e+01
1.842462562396006476e+01
1.843926788685524087e+01
1.845391014975041699e+01
1.846855241264558956e+01
1.848319467554076567e+01
1.849783693843593824e+01
1.851247920133111435e+01
1.852712146422629047e+01
1.854176372712146303e+01
1.855640599001663915e+01
1.857104825291181527e+01
1.858569051580698783e+01
1.860033277870216395e+01
1.861497504159733651e+01
1.862961730449251263e+01
1.864425956738768519e+01
1.865890183028286131e+01
1.867354409317803743e+01
1.868818635607320999e+01
1.870282861896838611e+01
1.871747088186356223e+01
1.873211314475873479e+01
1.874675540765391091e+01
1.876139767054908347e+01
1.877603993344425959e+01
1.879068219633943571e+01
1.880532445923460827e+01
1.881996672212978439e+01
1.883460898502495695e+01
1.884925124792013307e+01
1.886389351081530918e+01
1.887853577371048175e+01
1.889317803660565787e+01
1.890782029950083043e+01
1.892246256239600655e+01
1.893710482529118266e+01
1.895174708818635523e+01
1.896638935108153134e+01
1.898103161397670391e+01
1.899567387687188003e+01
1.901031613976705614e+01
1.902495840266222871e+01
1.903960066555740482e+01
1.905424292845257739e+01
1.906888519134775350e+01
1.908352745424292962e+01
1.909816971713810219e+01
1.911281198003327830e+01
1.912745424292845087e+01
1.914209650582362698e+01
1.915673876871880310e+01
1.917138103161397567e+01
1.918602329450915178e+01
1.920066555740432435e+01
1.921530782029950046e+01
1.922995008319467658e+01
1.924459234608984914e+01
1.925923460898502526e+01
1.927387687188019783e+01
1.928851913477537394e+01
1.930316139767055006e+01
1.931780366056572262e+01
1.933244592346089874e+01
1.934708818635607130e+01
1.936173044925124742e+01
1.937637271214642354e+01
1.939101497504159610e+01
1.940565723793677222e+01
1.942029950083194478e+01
1.943494176372712090e+01
1.944958402662229702e+01
1.946422628951746958e+01
1.947886855241264570e+01
1.949351081530781826e+01
1.950815307820299438e+01
1.952279534109817050e+01
1.953743760399334306e+01
1.955207986688851918e+01
1.956672212978369174e+01
1.958136439267886786e+01
1.959600665557404398e+01
1.961064891846921654e+01
1.962529118136439266e+01
1.963993344425956877e+01
1.965457570715474134e+01
1.966921797004991745e+01
1.968386023294509002e+01
1.969850249584026614e+01
1.971314475873543870e+01
1.972778702163061482e+01
1.974242928452579093e+01
1.975707154742096350e+01
1.977171381031613961e+01
1.978635607321131573e+01
1.980099833610648830e+01
1.981564059900166441e+01
1.983028286189683698e+01
1.984492512479201309e+01
1.985956738768718566e+01
1.987420965058236177e+01
1.988885191347753789e+01
1.990349417637271046e+01
1.991813643926788657e+01
1.993277870216306269e+01
1.994742096505823525e+01
1.996206322795341137e+01
1.997670549084858393e+01
1.999134775374376005e+01
2.000599001663893262e+01
2.002063227953410873e+01
2.003527454242928485e+01
2.004991680532445741e+01
2.006455906821963353e+01
2.007920133111480965e+01
2.009384359400998221e+01
2.010848585690515833e+01
2.012312811980033089e+01
2.013777038269550701e+01
2.015241264559068313e+01
2.016705490848585569e+01
2.018169717138103181e+01
2.019633943427620437e+01
2.021098169717138049e+01
2.022562396006655661e+01
2.024026622296172917e+01
2.025490848585690529e+01
2.026955074875207785e+01
2.028419301164725397e+01
2.029883527454243008e+01
2.031347753743760265e+01
2.032811980033277877e+01
2.034276206322795133e+01
2.035740432612312745e+01
2.037204658901830356e+01
2.038668885191347613e+01
2.040133111480865225e+01
2.041597337770382481e+01
2.043061564059900093e+01
2.044525790349417704e+01
2.045990016638934961e+01
2.047454242928452572e+01
2.048918469217969829e+01
2.050382695507487441e+01
2.051846921797005052e+01
2.053311148086522309e+01
2.054775374376039920e+01
2.056239600665557532e+01
2.057703826955074788e+01
2.059168053244592400e+01
2.060632279534109657e+01
2.062096505823627268e+01
2.063560732113144525e+01
2.065024958402662136e+01
2.066489184692179748e+01
2.067953410981697004e+01
2.069417637271214616e+01
2.070881863560732228e+01
2.072346089850249484e+01
2.073810316139767096e+01
2.075274542429284352e+01
2.076738768718801964e+01
2.078202995008319220e+01
2.079667221297836832e+01
2.081131447587354444e+01
2.082595673876871700e+01
2.084059900166389312e+01
2.085524126455906924e+01
2.086988352745424180e+01
2.088452579034941792e+01
2.089916805324459048e+01
2.091381031613976660e+01
2.092845257903493916e+01
2.094309484193011528e+01
2.095773710482529140e+01
2.097237936772046396e+01
2.098702163061564008e+01
2.100166389351081619e+01
2.101630615640598876e+01
2.103094841930116488e+01
2.104559068219633744e+01
2.106023294509151356e+01
2.107487520798668612e+01
2.108951747088186224e+01
2.110415973377703835e+01
2.111880199667221092e+01
2.113344425956738704e+01
2.114808652246256315e+01
2.116272878535773572e+01
2.117737104825291183e+01
2.119201331114808440e+01
2.120665557404326051e+01
2.122129783693843308e+01
2.123594009983360920e+01
2.125058236272878531e+01
2.126522462562395788e+01
2.127986688851913399e+01
2.129450915141431011e+01
2.130915141430948267e+01
2.132379367720465879e+01
2.133843594009983136e+01
2.135307820299500747e+01
2.136772046589018359e+01
2.138236272878535615e+01
2.139700499168053227e+01
2.141164725457570484e+01
2.142628951747088095e+01
2.144093178036605707e+01
2.145557404326122963e+01
2.147021630615640575e+01
2.148485856905157831e+01
2.149950083194675443e+01
2.151414309484193055e+01
2.152878535773710311e+01
2.154342762063227923e+01
2.155806988352745179e+01
2.157271214642262791e+01
2.158735440931780403e+01
2.160199667221297659e+01
2.161663893510815271e+01
2.163128119800332527e+01
2.164592346089850139e+01
2.166056572379367751e+01
2.167520798668885007e+01
2.168985024958402619e+01
2.170449251247919875e+01
2.171913477537437487e+01
2.173377703826955099e+01
2.174841930116472355e+01
2.176306156405989967e+01
2.177770382695507578e+01
2.179234608985024835e+01
2.180698835274542446e+01
2.182163061564059703e+01
2.183627287853577315e+01
2.185091514143094571e+01
2.186555740432612183e+01
2.188019966722129794e+01
2.189484193011647051e+01
2.190948419301164662e+01
2.192412645590682274e+01
2.193876871880199531e+01
2.195341098169717142e+01
2.196805324459234399e+01
2.198269550748752010e+01
2.199733777038269267e+01
2.201198003327786878e+01
2.202662229617304490e+01
2.204126455906821747e+01
2.205590682196339358e+01
2.207054908485856970e+01
2.208519134775374226e+01
2.209983361064891838e+01
2.211447587354409094e+01
2.212911813643926706e+01
2.214376039933443963e+01
2.215840266222961574e+01
2.217304492512479186e+01
2.218768718801996442e+01
2.220232945091514054e+01
2.221697171381031666e+01
2.223161397670548922e+01
2.224625623960066534e+01
2.226089850249583790e+01
2.227554076539101402e+01
2.229018302828618658e+01
2.230482529118136270e+01
2.231946755407653882e+01
2.233410981697171138e+01
2.234875207986688750e+01
2.236339434276206362e+01
2.237803660565723618e+01
2.239267886855241230e+01
