# success rate as function of redshift for 22.5 < I <= 24.0 from LeFevre+13 fig. 13b
# redshift               success rate
0.000000000000000000e+00 8.880000000000000115e-01
2.510000000000000009e-01 8.970000000000000195e-01
3.430000000000000271e-01 9.200000000000000400e-01
4.540000000000000147e-01 9.449999999999999512e-01
5.500000000000000444e-01 9.619999999999999662e-01
6.470000000000000195e-01 9.639999999999999680e-01
7.489999999999999991e-01 9.539999999999999591e-01
8.499999999999999778e-01 9.330000000000000515e-01
9.469999999999999529e-01 9.120000000000000329e-01
1.052999999999999936e+00 9.010000000000000231e-01
1.149999999999999911e+00 8.719999999999999973e-01
1.250999999999999890e+00 8.689999999999999947e-01
1.352999999999999980e+00 8.689999999999999947e-01
1.445000000000000062e+00 8.669999999999999929e-01
1.546000000000000041e+00 8.509999999999999787e-01
1.651999999999999913e+00 8.609999999999999876e-01
1.749000000000000110e+00 8.359999999999999654e-01
1.850999999999999979e+00 7.219999999999999751e-01
1.953000000000000069e+00 6.780000000000000471e-01
2.049999999999999822e+00 6.909999999999999476e-01
2.150999999999999801e+00 6.860000000000000542e-01
2.248000000000000220e+00 6.169999999999999929e-01
2.354000000000000092e+00 6.909999999999999476e-01
2.450000000000000178e+00 6.969999999999999529e-01
2.552000000000000046e+00 6.570000000000000284e-01
2.653000000000000025e+00 6.780000000000000471e-01
2.754000000000000004e+00 7.640000000000000124e-01
2.850999999999999979e+00 8.020000000000000462e-01
2.951999999999999957e+00 9.050000000000000266e-01
3.048999999999999932e+00 8.760000000000000009e-01
3.149999999999999911e+00 8.439999999999999725e-01
3.251999999999999780e+00 7.890000000000000346e-01
3.353000000000000203e+00 7.870000000000000329e-01
3.451000000000000068e+00 6.400000000000000133e-01
4.003000000000000114e+00 7.520000000000000018e-01
